1	0,5	0,00	0,00	0,02	0,00	34,4472	1,6429	0,0000	0,0000	0,025746972	6,3870	1,4730	0,0000	0,0000	0,0149	3,1946	0,7836	0,0000	0,0000	0,0088	2,1298	0,5244	0,0000	0,0000	0,006607422		7,47272E+11	43383475505	1,21428E+12	5,03669E+12	1,71774E+13	1,02751E+14	8,73901E+13	5,8653E+14		1,8173E-38	2,1965E-125	81,06801967	0	;	2,432E-50	4,189E-49	1,809E-137	4,361E-138	4,719E-12	7,890E-13	0,000E+00	0,000E+00	;	4,719E-12	7,890E-13	;	2,43191E-50	1,8089E-137	4,71946E-12	0	4,71946E-12	4,18892E-49	4,3609E-138	7,88978E-13	0	7,88978E-13
2	1,0	0,00	0,00	0,04	0,00	65,8212	3,2786	0,0000	0,0000	0,04582249	12,7740	2,9459	0,0000	0,0000	0,0257	6,3893	1,5673	0,0000	0,0000	0,0149	4,2596	1,0489	0,0000	0,0000	0,01092363		48826306825	2815953971	78568858533	2,52171E+11	1,11145E+12	5,1444E+12	5,6545E+12	2,93657E+13		5,98744E-17	2,82185E-72	157,6818381	0	;	1,226E-27	2,126E-26	3,592E-83	1,119E-83	1,419E-10	3,065E-11	0,000E+00	0,000E+00	;	1,419E-10	3,065E-11	;	1,22627E-27	3,59156E-83	1,4659E-10	0	1,4659E-10	2,12626E-26	1,11902E-83	3,14401E-11	0	3,14401E-11
3	1,5	0,00	0,00	0,05	0,00	94,4926	4,9071	0,0000	-0,0001	0,06488287	19,1611	4,4189	0,0000	0,0000	0,0360	9,5839	2,3509	0,0000	0,0000	0,0204	6,3894	1,5733	0,0000	0,0000	0,014862122		9938687044	627974363,2	15837621892	43750324848	2,24041E+11	8,92526E+11	1,13981E+12	5,09479E+12		7,72169E-08	1,04329E-47	213,4762286	0	;	7,769E-18	1,230E-16	6,587E-58	2,385E-58	9,528E-10	2,392E-10	0,000E+00	0,000E+00	;	9,528E-10	2,392E-10	;	7,76933E-18	6,58741E-58	1,09943E-09	0	1,09943E-09	1,22962E-16	2,38464E-58	2,70622E-10	0	2,70622E-10
4	2,0	0,00	0,00	0,06	0,00	120,7765	6,5285	0,0001	-0,0001	0,08335508	25,5481	5,8918	0,0001	0,0000	0,0458	12,7786	3,1345	0,0000	0,0000	0,0257	8,5192	2,0977	0,0000	0,0000	0,018604434		3221431316	231084064,9	5083723959	12625423067	71915090285	2,57564E+11	3,65869E+11	1,47025E+12		0,006242648	3,47049E-33	254,6451198	0	;	1,938E-12	2,701E-11	6,827E-43	2,749E-43	3,541E-09	9,887E-10	0,000E+00	0,000E+00	;	3,543E-09	1,016E-09	;	1,93786E-12	6,82668E-43	4,64035E-09	0	4,64229E-09	2,70147E-11	2,74881E-43	1,25929E-09	0	1,2863E-09
5	2,5	0,00	0,00	0,07	0,00	144,9422	8,1427	0,0001	-0,0001	0,10140136	34,1106	7,3648	0,0001	0,0000	0,0554	15,9732	3,9182	0,0000	0,0000	0,0309	10,6490	2,6222	0,0000	0,0000	0,022220749		1347331552	111543180,2	2105655938	5192738441	29786911744	98227723442	1,51541E+11	5,60712E+11		5,156950289	1,38523E-23	285,5996092	1,0495E-288	;	3,828E-09	4,623E-08	6,579E-33	2,668E-33	9,588E-09	2,908E-09	6,925E-300	1,872E-300	;	1,342E-08	4,914E-08	;	3,82947E-09	6,5786E-33	1,42284E-08	6,9252E-300	1,80579E-08	4,62598E-08	2,66762E-33	4,16681E-09	1,8716E-300	5,04266E-08
6	3,0	0,07	0,00	0,08	0,00	167,2212	9,7499	0,0001	-0,0001	0,119105021	41,0586	8,8378	0,0001	0,0000	0,0649	19,1679	4,7018	0,0000	0,0000	0,0360	12,7787	3,1466	0,0000	0,0000	0,025746972		662096094,1	63778075,26	1024758401	2483030524	14496379730	44685960356	73750498063	2,5508E+11		330,220844	8,08538E-17	309,2080952	1,3098E-247	;	4,988E-07	5,178E-06	7,890E-26	3,256E-26	2,133E-08	6,920E-09	1,776E-258	5,135E-259	;	5,201E-07	5,185E-06	;	5,0258E-07	7,89004E-26	3,55585E-08	1,776E-258	5,38139E-07	5,22391E-06	3,25626E-26	1,10864E-08	5,1348E-259	5,235E-06
7	3,5	0,96	0,00	0,08	0,00	187,8135	11,3501	0,0001	-0,0001	0,13651673	50,7535	10,3107	0,0001	0,0000	0,0742	22,3625	5,4854	0,0000	0,0000	0,0409	14,9085	3,6711	0,0000	0,0000	0,029204362		363652028,2	40917290,89	557418872,5	1204967626	7885327540	22959422746	40116694255	1,31059E+11		4378,127363	7,44242E-12	327,381589	2,6782E-215	;	1,204E-05	1,070E-04	1,335E-20	6,176E-21	4,152E-08	1,426E-08	6,676E-226	2,043E-226	;	1,208E-05	1,070E-04	;	1,25419E-05	1,33517E-20	7,70763E-08	6,6759E-226	1,2619E-05	0,000112223	6,17648E-21	2,53455E-08	2,0435E-226	0,000112249
8	4,0	4,50	0,00	0,09	0,00	206,8926	12,9433	0,0001	-0,0001	0,153670957	60,0079	11,7837	0,0001	0,0000	0,0834	25,5572	6,2691	0,0001	0,0000	0,0458	17,0383	4,1955	0,0000	0,0000	0,032606722		216678089,4	28520150,37	328937568,6	657726871,1	4653198154	12895427785	23673198953	73610819590		20597,27175	4,08598E-08	341,4370262	4,0982E-189	;	9,506E-05	7,222E-04	1,242E-16	6,212E-17	7,338E-08	2,648E-08	1,731E-199	5,567E-200	;	9,513E-05	7,222E-04	;	0,000107601	1,24231E-16	1,50453E-07	1,7312E-199	0,000107752	0,000834424	6,21289E-17	5,18229E-08	5,5674E-200	0,000834476
9	4,5	10,37	0,00	0,09	0,00	224,6098	14,5295	0,0001	-0,0001	0,17059308	67,6590	13,2566	0,0001	-0,0001	0,0924	28,7518	7,0527	0,0001	0,0000	0,0507	19,1681	4,7199	0,0000	0,0000	0,035963599		137389043,9	21155490,7	206567034,2	410677352,4	2922126976	7752769228	14866354488	44255041899		47422,96915	3,006E-05	352,31043	2,0851E-167	;	3,452E-04	2,242E-03	1,455E-13	7,320E-14	1,206E-07	4,544E-08	1,403E-177	4,712E-178	;	3,453E-04	2,242E-03	;	0,000452774	1,45646E-13	2,7102E-07	1,4026E-177	0,000453045	0,003076063	7,32583E-14	9,72661E-08	4,7115E-178	0,00307616
10	5,0	14,36	0,00	0,09	0,00	241,0973	16,1089	0,0001	-0,0001	0,187302882	74,4028	14,7296	0,0001	-0,0001	0,1014	31,9465	7,8363	0,0001	0,0000	0,0554	21,2979	5,2444	0,0000	0,0000	0,039281914		91493870,8	16467333,75	136244483,4	275946672,3	1927334057	4917954400	9805334112	28073101575		65660,968	0,00500416	360,6849505	4,2874E-149	;	7,177E-04	3,987E-03	3,673E-11	1,813E-11	1,871E-07	7,334E-08	4,373E-159	1,527E-159	;	7,178E-04	3,987E-03	;	0,001170428	3,68749E-11	4,58161E-07	4,3725E-159	0,001170887	0,007063409	1,82078E-11	1,70607E-07	1,5272E-159	0,00706358
11	5,5	20,03	0,00	0,09	0,00	256,4714	17,6814	0,0002	-0,0001	0,203816443	80,6065	16,2026	0,0001	-0,0001	0,1103	35,1411	8,6200	0,0001	0,0000	0,0602	23,4277	5,7688	0,0000	0,0000	0,042566871		63396507,03	13317796,76	93501336,82	195230165	1322683358	3258127666	6729166749	18598332047		91611,2932	0,268995569	367,0705175	1,9962E-133	;	1,445E-03	6,879E-03	2,877E-09	1,378E-09	2,775E-07	1,127E-07	2,967E-143	1,073E-143	;	1,445E-03	6,879E-03	;	0,002615481	2,91379E-09	7,35681E-07	2,9666E-143	0,00261622	0,013942272	1,39605E-09	2,8327E-07	1,0733E-143	0,013942557
12	6,0	35,04	0,00	0,09	0,00	270,8346	19,2471	0,0002	-0,0001	0,220147245	86,3212	17,6755	0,0002	-0,0001	0,1191	38,3358	9,4036	0,0001	0,0000	0,0649	25,5575	6,2932	0,0001	0,0000	0,04582249		45390756,74	11109240,81	66306026,77	144264388,4	937974591,1	2237286050	4771956485	12771073787		160217,69	5,998515288	371,8551179	7,2277E-120	;	3,530E-03	1,442E-02	9,047E-08	4,158E-08	3,964E-07	1,662E-07	1,515E-129	5,659E-130	;	3,530E-03	1,442E-02	;	0,006145224	9,33809E-08	1,13213E-06	1,5146E-129	0,006146449	0,028364292	4,29761E-08	4,49478E-07	5,6595E-130	0,028364784
13	6,5	9,93	0,04	0,10	0,00	284,2776	20,8061	0,0002	-0,0001	0,236306859	92,0223	19,1485	0,0002	-0,0001	0,1278	41,5304	10,1872	0,0001	0,0000	0,0695	27,6873	6,8177	0,0001	0,0000	0,049051957		33405387,36	9505927,77	48332881,2	109947578,9	683723888,9	1583248975	3478453123	9037641606		45407,8324	66,56990533	375,3388422	5,0576E-108	;	1,359E-03	4,777E-03	1,377E-06	6,055E-07	5,490E-07	2,371E-07	1,454E-117	5,596E-118	;	1,361E-03	4,778E-03	;	0,00750452	1,4707E-06	1,68109E-06	1,454E-117	0,007507672	0,033141083	6,48446E-07	6,86546E-07	5,5961E-118	0,033142418
14	7,0	2,84	0,23	0,10	0,00	296,8809	22,3583	0,0002	-0,0001	0,252305387	100,7244	20,6214	0,0002	-0,0001	0,1365	44,7251	10,9709	0,0001	0,0000	0,0742	29,8171	7,3421	0,0001	0,0000	0,052257841		25167434,53	8308551,114	36067262,91	82355422,85	510212688,4	1149506373	2595712901	6561713784		13009,78447	421,0642676	377,7571127	1,36199E-97	;	5,169E-04	1,566E-03	1,167E-05	5,113E-06	7,404E-07	3,286E-07	5,247E-107	2,076E-107	;	5,293E-04	1,571E-03	;	0,00802145	1,31451E-05	2,42148E-06	5,2471E-107	0,008037016	0,034706914	5,76121E-06	1,01517E-06	2,0757E-107	0,03471369
15	7,5	1,20	0,92	0,10	0,00	308,7160	23,9038	0,0002	-0,0001	0,268151776	109,4193	22,0944	0,0002	-0,0001	0,1451	47,9197	11,7545	0,0001	0,0000	0,0788	31,9469	7,8666	0,0001	0,0000	0,055442251		19347671,37	7393221,809	27463662,49	62715178,6	388504919,5	853238136,3	1976523232	4870529273		5503,117094	1683,01432	379,2969153	2,4035E-88	;	2,844E-04	7,443E-04	6,128E-05	2,684E-05	9,763E-07	4,445E-07	1,216E-97	4,935E-98	;	3,467E-04	7,716E-04	;	0,008305883	7,44266E-05	3,39778E-06	1,21603E-97	0,008383707	0,03545126	3,25971E-05	1,45971E-06	4,93479E-98	0,035485317
16	8,0	0,47	2,52	0,10	0,00	319,8470	25,4427	0,0002	-0,0001	0,283854027	118,0018	23,5673	0,0002	-0,0001	0,1537	51,1144	12,5381	0,0001	0,0000	0,0834	34,0767	8,3910	0,0001	0,0000	0,058606944		15137435,63	6679870,871	21283595,43	48632250,68	301080802	645633672,3	1531752032	3685463140		2150,619231	4605,194657	380,1083825	4,22495E-80	;	1,421E-04	3,220E-04	2,164E-04	9,469E-05	1,262E-06	5,887E-07	2,758E-89	1,146E-89	;	3,597E-04	4,172E-04	;	0,008447956	0,0002908	4,66026E-06	2,75825E-89	0,008743415	0,035773215	0,000127291	2,04845E-06	1,14638E-89	0,035902555
17	8,5	0,17	5,02	0,10	0,00	330,3312	26,9750	0,0002	-0,0001	0,299419362	126,4070	25,0403	0,0002	-0,0001	0,1622	64,1199	13,3217	0,0001	-0,0001	0,0879	36,2064	8,9154	0,0001	0,0000	0,061753396		12027702,31	6114993,804	16751190,87	38399297,86	236964755,2	545414510,5	1205560909	2836292762		776,3964915	9187,421991	380,3132145	1,03383E-72	;	6,455E-05	1,270E-04	5,485E-04	2,393E-04	1,605E-06	6,973E-07	8,576E-82	3,645E-82	;	6,146E-04	3,669E-04	;	0,008512506	0,000839263	6,26519E-06	8,57552E-82	0,009358035	0,035900181	0,000366551	2,74574E-06	3,64501E-82	0,036269478
18	9,0	0,06	7,68	0,10	0,00	340,2199	28,5008	0,0003	-0,0001	0,314854342	134,5960	26,5133	0,0002	-0,0001	0,1706	67,7060	14,1054	0,0001	-0,0001	0,0924	38,3362	9,4399	0,0001	0,0000	0,06488287		9688394,497	5661789,632	13365725,31	30845641,34	189073472,6	433949715,1	961913459,2	2215711312		263,2438079	14053,04714	380,0109038	4,61826E-66	;	2,717E-05	4,649E-05	1,051E-03	4,556E-04	2,010E-06	8,757E-07	4,801E-75	2,084E-75	;	1,081E-03	5,030E-04	;	0,008539677	0,001890688	8,27505E-06	4,80112E-75	0,01043864	0,035946676	0,000822144	3,62144E-06	2,08432E-75	0,036772442
19	9,5	0,02	9,38	0,10	0,00	349,5595	30,0200	0,0003	-0,0002	0,330164961	142,5470	27,9862	0,0002	-0,0001	0,1790	71,1468	14,8890	0,0001	-0,0001	0,0969	40,4660	9,9643	0,0001	0,0000	0,067996447		7899806,257	5294299,986	10795486,11	25177197,09	152714499,1	350829959,6	776936764,8	1754182770		84,93771695	17165,05105	379,2834043	4,70391E-60	;	1,075E-05	1,604E-05	1,590E-03	6,818E-04	2,484E-06	1,081E-06	6,054E-69	2,682E-69	;	1,603E-03	6,989E-04	;	0,008550429	0,003480709	1,07587E-05	6,05444E-69	0,012041897	0,035962719	0,001503914	4,70254E-06	2,68154E-69	0,037471336
20	10,0	0,01	9,63	0,10	0,00	358,3918	31,5327	0,0003	-0,0002	0,345356722	150,2495	29,4592	0,0003	-0,0001	0,1873	74,4467	15,6726	0,0001	-0,0001	0,1014	42,5958	10,4887	0,0001	0,0000	0,07109507		6512268,778	4993804,101	8815570,921	20853914,17	124706334,1	287885486,9	634444904,5	1405532253		26,3552789	17624,01081	378,1986803	1,31344E-54	;	4,047E-06	5,278E-06	1,999E-03	8,451E-04	3,033E-06	1,314E-06	2,070E-63	9,345E-64	;	2,006E-03	8,517E-04	;	0,008554476	0,0054799	1,37914E-05	2,07022E-63	0,014048167	0,035967997	0,002349031	6,01626E-06	9,34479E-64	0,038323045
21	10,5	0,00	14,51	0,10	0,00	366,7544	33,0389	0,0003	-0,0002	0,360434697	157,7003	30,9321	0,0003	-0,0001	0,1956	77,6117	16,4563	0,0001	-0,0001	0,1059	50,8084	11,0132	0,0001	0,0000	0,07417956		5421693,059	4746533,376	7270306,369	17505082	102846799,5	239492652,2	523234271,7	1330886334		7,930946567	26541,77149	376,8134368	1,17295E-49	;	1,463E-06	1,671E-06	3,651E-03	1,516E-03	3,664E-06	1,573E-06	2,242E-58	8,813E-59	;	3,656E-03	1,519E-03	;	0,008555939	0,009130609	1,74552E-05	2,24176E-58	0,017704003	0,035969668	0,003865264	7,58964E-06	8,81342E-59	0,039842521
22	11,0	0,00	29,28	0,10	0,00	374,6817	34,5388	0,0003	-0,0002	0,375403578	164,9014	32,4051	0,0003	-0,0001	0,2038	80,6479	17,2399	0,0001	-0,0001	0,1103	53,9540	11,5376	0,0001	0,0000	0,077250642		4554331,354	4542183,09	6049915,896	14873021,88	85582980,39	201745100,2	435404393,8	1063311913		2,330472542	53560,40567	375,1752436	3,81573E-45	;	5,117E-07	5,131E-07	8,853E-03	3,601E-03	4,384E-06	1,860E-06	8,764E-54	3,589E-54	;	8,858E-03	3,604E-03	;	0,008556451	0,017983691	2,1839E-05	8,76387E-54	0,026561981	0,035970181	0,007466442	9,44929E-06	3,58862E-54	0,043446072
23	11,5	0,00	15,15	0,10	0,00	382,2047	36,0323	0,0003	-0,0002	0,390267717	172,0538	33,8781	0,0003	-0,0001	0,2120	83,5619	18,0235	0,0002	-0,0001	0,1147	57,0393	12,0620	0,0001	0,0000	0,080308958		3857048,422	4372919,745	5075676,966	12772868,63	71801256,36	171897081,2	365289714,9	861612106,7		0,672432293	27705,6032	373,3242075	5,05076E-41	;	1,743E-07	1,538E-07	5,459E-03	2,169E-03	5,199E-06	2,172E-06	1,383E-49	5,862E-50	;	5,464E-03	2,171E-03	;	0,008556625	0,023442195	2,70384E-05	1,38276E-49	0,032025859	0,035970335	0,00963554	1,16211E-05	5,86235E-50	0,045617496
24	12,0	0,00	3,25	0,09	0,00	389,3517	37,5194	0,0003	-0,0002	0,405031163	180,8724	35,3510	0,0003	-0,0001	0,2201	86,3603	18,8072	0,0002	-0,0001	0,1191	60,0585	12,5865	0,0001	0,0000	0,08335508		3290972,468	4232704,554	4290268,985	11036326,11	60690762,1	147993269	308764947,9	707443704,3		0,19139373	5946,985299	371,2944242	2,99077E-37	;	5,816E-08	4,522E-08	1,386E-03	5,389E-04	6,118E-06	2,509E-06	9,686E-46	4,228E-46	;	1,392E-03	5,414E-04	;	0,008556683	0,024828352	3,31562E-05	9,68762E-46	0,033418192	0,03597038	0,010174396	1,41299E-05	4,22816E-46	0,046158905
25	12,5	0,00	1,27	0,09	0,00	396,1485	39,0003	0,0003	-0,0002	0,419697692	189,7319	36,8240	0,0003	-0,0001	0,2282	89,0510	19,5908	0,0002	-0,0001	0,1235	62,8917	13,1109	0,0001	-0,0001	0,086389524		2827268,38	4116823,346	3651370,414	9588554,541	51652811,03	128811823,2	262784268,3	590790564		0,053941306	2321,598531	369,1173197	8,59693E-34	;	1,908E-08	1,310E-08	6,358E-04	2,421E-04	7,146E-06	2,866E-06	3,271E-42	1,455E-42	;	6,430E-04	2,450E-04	;	0,008556702	0,025464168	4,03023E-05	3,27245E-42	0,034061172	0,035970393	0,010416518	1,69955E-05	1,45558E-42	0,046403906
26	13,0	0,00	0,62	0,09	0,00	402,6186	40,4749	0,0004	-0,0002	0,434270834	198,5848	38,2969	0,0003	-0,0001	0,2363	92,0657	20,3744	0,0002	-0,0001	0,1278	65,3316	13,6354	0,0001	-0,0001	0,089412752		2444272,34	4021554,083	3127333,536	8377763,997	44239709,99	112736283,8	225070031,7	504467766,6		0,015100379	1137,231572	366,8498736	1,28769E-30	;	6,178E-09	3,755E-09	3,636E-04	1,357E-04	8,292E-06	3,254E-06	5,721E-39	2,553E-39	;	3,719E-04	1,390E-04	;	0,008556709	0,02582781	4,85946E-05	5,72457E-39	0,034433114	0,035970397	0,010552262	2,02495E-05	2,55403E-39	0,046542908
27	13,5	0,00	0,29	0,09	0,00	408,7837	41,9433	0,0004	-0,0002	0,448753893	207,3947	39,7699	0,0004	-0,0001	0,2443	96,4116	21,1581	0,0002	-0,0001	0,1322	67,7060	14,1598	0,0001	-0,0001	0,092425184		2125516,848	3943927,884	2694213,811	7361061,605	38112736,06	97377610,83	193898981,7	433949715,1		0,004209741	525,3833711	364,8047332	1,06911E-27	;	1,981E-09	1,067E-09	1,950E-04	7,137E-05	9,572E-06	3,746E-06	5,514E-36	2,464E-36	;	2,046E-04	7,512E-05	;	0,008556711	0,026022815	5,81664E-05	5,51949E-36	0,034637692	0,035970398	0,010623635	2,39958E-05	2,46623E-36	0,046618029
28	14,0	0,00	0,12	0,09	0,00	414,6634	43,4055	0,0004	-0,0002	0,46314997	216,1337	41,2429	0,0004	-0,0001	0,2523	100,7727	21,9417	0,0002	-0,0001	0,1365	70,0158	14,6842	0,0001	-0,0001	0,095427201		1858348,574	3881554,733	2333698,262	6503393,104	33012831,25	84421847,56	167953157,5	375953527,6		0,00117129	228,0499024	364,923486	5,19388E-25	;	6,303E-10	3,018E-10	9,772E-05	3,507E-05	1,105E-05	4,323E-06	3,092E-33	1,382E-33	;	1,088E-04	3,939E-05	;	0,008556711	0,026120535	6,92203E-05	3,09798E-33	0,034746467	0,035970398	0,010658701	2,83185E-05	1,38399E-33	0,046657418
29	14,5	0,00	0,05	0,10	0,00	420,2760	44,8615	0,0004	-0,0002	0,477461977	224,7805	42,7158	0,0004	-0,0001	0,2602	105,1306	22,7253	0,0002	-0,0001	0,1408	72,2622	15,2087	0,0001	-0,0001	0,098419153		1632947,405	3832494,607	2031640,374	5776311,475	28739876,93	73493966,23	146214453,4	327927531,9		0,000325837	93,6957053	376,7114721	1,54853E-22	;	1,995E-10	8,502E-11	4,612E-05	1,622E-05	1,311E-05	5,126E-06	1,059E-30	4,722E-31	;	5,923E-05	2,135E-05	;	0,008556711	0,026166653	8,2328E-05	1,06218E-30	0,034805693	0,035970398	0,010674922	3,34442E-05	4,73602E-31	0,046678764
30	15,0	0,00	0,02	0,11	0,00	425,6381	46,3115	0,0004	-0,0002	0,491692658	233,3190	44,1888	0,0004	-0,0002	0,2682	109,4711	23,5090	0,0002	-0,0001	0,1451	74,4467	15,7331	0,0001	-0,0001	0,10140136		1441621,156	3795161,012	1777010,404	5156801,694	25137844,74	64263693,49	127889073,3	287885486,9		9,07657E-05	36,67612204	435,7724464	2,95538E-20	;	6,296E-11	2,392E-11	2,064E-05	7,112E-06	1,734E-05	6,781E-06	2,311E-28	1,027E-28	;	3,797E-05	1,389E-05	;	0,008556711	0,026187293	9,96633E-05	2,32151E-28	0,034843667	0,035970398	0,010682034	4,02252E-05	1,03132E-28	0,046692657
31	15,5	0,00	0,01	0,16	0,00	430,7651	47,7553	0,0004	-0,0002	0,505844596	241,7373	45,6617	0,0004	-0,0002	0,2760	113,7826	24,2926	0,0002	-0,0001	0,1494	76,5713	16,2575	0,0001	-0,0001	0,104374117		1278292,318	3768247,94	1561134,192	4626251,178	22084028,81	56448436,44	112352749,8	254276158,7		2,535E-05	13,75627925	644,6272092	3,74819E-18	;	1,983E-11	6,727E-12	8,812E-06	2,974E-06	2,919E-05	1,142E-05	3,336E-26	1,474E-26	;	3,800E-05	1,439E-05	;	0,008556711	0,026196104	0,000128853	3,35931E-26	0,034881669	0,035970398	0,010685008	5,1645E-05	1,48438E-26	0,046707051
32	16,0	0,00	0,00	0,31	0,00	435,6712	49,1931	0,0004	-0,0002	0,519920234	250,0264	47,1347	0,0004	-0,0002	0,2839	118,0562	25,0762	0,0002	-0,0001	0,1537	78,6377	16,7820	0,0001	-0,0001	0,107337695		1138120,374	3750673,956	1377134,988	4169587,441	19481149,6	49810622,11	99110571,92	225882597,4		7,10608E-06	4,96875118	1230,321538	3,26608E-16	;	6,244E-12	1,895E-12	3,608E-06	1,192E-06	6,315E-05	2,470E-05	3,295E-24	1,446E-24	;	6,676E-05	2,589E-05	;	0,008556711	0,026199712	0,000192007	3,32898E-24	0,034948431	0,035970398	0,010686199	7,63449E-05	1,46076E-24	0,046732942
33	16,5	0,00	0,00	0,66	0,00	440,3694	50,6249	0,0005	-0,0002	0,533921875	258,1804	48,6077	0,0004	-0,0002	0,2917	122,2849	25,8599	0,0002	-0,0001	0,1579	80,6479	17,3064	0,0001	-0,0001	0,110292348		1017220,941	3741538,996	1219519,823	3774573,963	17251502,81	44152652,52	87767218,32	201745100,2		2,00108E-06	1,735944323	2573,501979	2,01455E-14	;	1,967E-12	5,348E-13	1,423E-06	4,599E-07	1,492E-04	5,829E-05	2,295E-22	9,986E-23	;	1,506E-04	5,875E-05	;	0,008556711	0,026201136	0,000341183	2,32862E-22	0,03509903	0,035970398	0,010686659	0,000134631	1,01317E-22	0,046791689
34	17,0	0,00	0,00	1,31	0,00	444,8720	52,0508	0,0005	-0,0002	0,547851704	266,1949	50,0806	0,0004	-0,0002	0,2994	126,4635	26,6435	0,0002	-0,0001	0,1622	82,6037	17,8308	0,0002	-0,0001	0,113238309		912454,8805	3740090,65	1083870,021	3431243,668	15332581,2	39337944,32	78004682,64	181102537		5,66508E-07	0,588918887	5129,072301	9,03424E-13	;	6,209E-13	1,515E-13	5,433E-07	1,716E-07	3,345E-04	1,304E-04	1,158E-20	4,988E-21	;	3,351E-04	1,306E-04	;	0,008556711	0,026201679	0,000675704	1,18145E-20	0,035434095	0,035970398	0,010686831	0,000265016	5,08978E-21	0,046922245
35	17,5	0,00	0,00	2,35	0,00	449,1901	53,4707	0,0005	-0,0002	0,561711787	274,0676	51,5536	0,0005	-0,0002	0,3072	130,5878	27,4271	0,0002	-0,0001	0,1664	84,5072	18,3553	0,0002	-0,0001	0,116175799		821268,4871	3745697,643	966607,4795	3131446,916	13673768,43	35225938,33	69565453,62	163347699,3		1,61333E-07	0,194670933	9194,375116	3,01735E-11	;	1,964E-13	4,307E-14	2,014E-07	6,217E-08	6,724E-04	2,610E-04	4,337E-19	1,847E-19	;	6,726E-04	2,611E-04	;	0,008556711	0,02620188	0,001348114	4,45556E-19	0,036106706	0,035970398	0,010686893	0,000526028	1,89809E-19	0,047183319
36	18,0	0,00	0,00	3,73	0,00	453,3341	54,8847	0,0005	-0,0002	0,575504086	282,0350	53,0265	0,0005	-0,0002	0,3149	134,6545	28,2108	0,0002	-0,0001	0,1706	86,3603	18,8797	0,0002	-0,0001	0,119105021		741571,3448	3757828,805	864816,6623	2872542,502	12233820,89	31666155,48	62239704	147993269		4,62424E-08	0,062892548	14608,84947	7,67033E-10	;	6,236E-14	1,231E-14	7,272E-08	2,189E-08	1,194E-03	4,613E-04	1,232E-17	5,183E-18	;	1,194E-03	4,614E-04	;	0,008556711	0,026201953	0,00254225	1,27694E-17	0,037300915	0,035970398	0,010686915	0,000987367	5,3727E-18	0,04764468
37	18,5	0,00	0,00	5,25	0,00	457,3138	56,2928	0,0005	-0,0002	0,589230463	290,7964	54,4995	0,0005	-0,0002	0,3225	138,6613	28,9944	0,0002	-0,0001	0,1748	88,1647	19,4042	0,0002	-0,0001	0,122026167		671642,2154	3776036,255	776107,922	2656600,263	10978934,29	28573295,47	55855454,05	134645806,4		1,33458E-08	0,019912685	20592,82584	1,51356E-08	;	1,987E-14	3,534E-15	2,566E-08	7,496E-09	1,876E-03	7,207E-04	2,710E-16	1,124E-16	;	1,876E-03	7,207E-04	;	0,008556711	0,026201979	0,004417917	2,83747E-16	0,039176608	0,035970398	0,010686922	0,001708069	1,17783E-16	0,04836539
38	19,0	0,00	0,00	6,61	0,00	461,1380	57,6951	0,0005	-0,0002	0,602892688	299,5563	55,9724	0,0005	-0,0002	0,3302	142,6067	29,7780	0,0003	-0,0001	0,1790	89,9258	19,9286	0,0002	-0,0001	0,124939418		610055,9732	3799941,885	698511,7563	2462563,793	9881247,767	25876290,8	50270961,29	123345952,3		3,87961E-09	0,00619363	25904,86204	2,3601E-07	;	6,359E-15	1,021E-15	8,867E-09	2,515E-09	2,622E-03	1,001E-03	4,695E-15	1,913E-15	;	2,622E-03	1,001E-03	;	0,008556711	0,026201988	0,007039536	4,9785E-15	0,041798235	0,035970398	0,010686925	0,002709173	2,03118E-15	0,049366496
39	19,5	0,00	0,00	7,47	0,00	464,8152	59,0916	0,0005	-0,0002	0,616492445	308,2972	57,4454	0,0005	-0,0002	0,3378	146,4896	30,5617	0,0003	-0,0001	0,1831	92,0657	20,4530	0,0002	-0,0001	0,127844944		555626,4705	3829226,399	630396,4064	2287857,893	8917678,231	23515891,74	45368790,23	112736283,8		1,13631E-09	0,001896643	29294,20353	2,95566E-06	;	2,045E-15	2,967E-16	3,009E-09	8,290E-10	3,285E-03	1,246E-03	6,515E-14	2,622E-14	;	3,285E-03	1,246E-03	;	0,008556711	0,026201991	0,010324494	7,0126E-14	0,045083197	0,035970398	0,010686926	0,003954893	2,82487E-14	0,050612217
40	20,0	0,00	0,00	7,67	0,00	468,3531	60,4824	0,0005	-0,0002	0,630031337	317,0045	58,9184	0,0005	-0,0002	0,3454	150,3096	31,3453	0,0003	-0,0001	0,1873	94,9602	20,9775	0,0002	-0,0001	0,130742904		507361,5576	3863620,392	570403,2099	2130227,182	8069005,844	21442628,33	41051159,74	102210555,4		3,35409E-10	0,000572919	30081,08261	3,01719E-05	;	6,611E-16	8,681E-17	1,004E-09	2,689E-10	3,728E-03	1,403E-03	7,350E-13	2,952E-13	;	3,728E-03	1,403E-03	;	0,008556711	0,026201992	0,014052473	8,05108E-13	0,048811176	0,035970398	0,010686926	0,005357756	3,23442E-13	0,05201508
41	20,5	0,00	0,00	7,66	0,00	471,7591	61,8674	0,0005	-0,0002	0,643510893	325,6661	60,3913	0,0005	-0,0002	0,3529	154,0665	32,1289	0,0003	-0,0001	0,1914	97,8646	21,5019	0,0002	-0,0001	0,133633452		464427,4428	3902897,03	517395,554	1987699,162	7319151,921	19615111,59	37236269,3	92811383,25		9,97927E-11	0,00017101	30038,10529	0,000254474	;	2,149E-16	2,557E-17	3,305E-10	8,603E-11	4,104E-03	1,531E-03	6,834E-12	2,742E-12	;	4,104E-03	1,531E-03	;	0,008556711	0,026201992	0,018156515	7,63913E-12	0,052915218	0,035970398	0,010686926	0,006889132	3,06528E-12	0,053546456
42	21,0	0,00	0,00	11,07	0,00	475,0399	63,2467	0,0006	-0,0002	0,656932571	334,2717	61,8643	0,0005	-0,0002	0,3604	157,7604	32,9126	0,0003	-0,0001	0,1956	100,7727	22,0263	0,0002	-0,0001	0,13651673		426120,2804	3946866,026	470418,3231	1858549,725	6654605,256	17998628,39	33855380,53	84421847,56		2,99319E-11	5,05187E-05	43386,28821	0,001795369	;	7,024E-17	7,584E-18	1,074E-10	2,718E-11	6,520E-03	2,411E-03	5,303E-11	2,127E-11	;	6,520E-03	2,411E-03	;	0,008556711	0,026201992	0,024676254	6,06697E-11	0,059434957	0,035970398	0,010686926	0,009299665	2,43319E-11	0,055956989
43	21,5	0,00	0,00	25,04	0,00	478,2018	64,6203	0,0006	-0,0002	0,670297763	342,8129	63,3372	0,0006	-0,0002	0,3679	161,3916	33,6962	0,0003	-0,0001	0,1997	103,6793	22,5508	0,0002	-0,0001	0,139392875		391843,3911	3995368,64	428665,4952	1741271,785	6063963,747	16563984,81	30850485,08	76932645,86		9,05166E-12	1,47909E-05	98154,422	0,010716884	;	2,310E-17	2,266E-18	3,450E-11	8,494E-12	1,619E-02	5,926E-03	3,474E-10	1,393E-10	;	1,619E-02	5,926E-03	;	0,008556711	0,026201992	0,040862766	4,08051E-10	0,07562147	0,035970398	0,010686926	0,015225439	1,63634E-10	0,061882763
44	22,0	0,00	0,00	40,87	0,00	481,2509	65,9883	0,0006	-0,0002	0,683607798	351,2827	64,8102	0,0006	-0,0002	0,3754	164,9609	34,4798	0,0003	-0,0001	0,2038	106,5800	23,0752	0,0002	-0,0001	0,142262017		361088,895	4048273,534	391454,1075	1634547,251	5537566,105	15286556,28	28172431,04	70243511,78		2,76005E-12	4,2973E-06	160196,2301	0,054691655	;	7,644E-18	6,818E-19	1,098E-11	2,629E-12	2,893E-02	1,048E-02	1,941E-09	7,786E-10	;	2,893E-02	1,048E-02	;	0,008556711	0,026201992	0,069791762	2,34937E-09	0,104550468	0,035970398	0,010686926	0,025704988	9,42235E-10	0,072362314
45	22,5	0,00	0,00	35,30	0,00	484,1926	67,3508	0,0006	-0,0002	0,696863951	359,6753	66,2832	0,0006	-0,0002	0,3828	168,4688	35,2635	0,0003	-0,0001	0,2079	109,4711	23,5997	0,0002	-0,0001	0,145124281		333422,8274	4105473,295	358203,2296	1537222,279	5067194,403	14145508,73	25779409,62	64263693,49		8,48642E-13	1,24039E-06	138371,4654	0,240927819	;	2,545E-18	2,067E-19	3,463E-12	8,069E-13	2,731E-02	9,782E-03	9,346E-09	3,749E-09	;	2,731E-02	9,782E-03	;	0,008556711	0,026201992	0,097099076	1,16951E-08	0,131857791	0,035970398	0,010686926	0,035486995	4,69129E-09	0,082144324
46	23,0	0,00	0,00	16,07	0,00	487,0322	68,7076	0,0006	-0,0002	0,710067436	367,9861	67,7561	0,0006	-0,0002	0,3903	172,1125	36,0471	0,0003	-0,0001	0,2120	112,3492	24,1241	0,0002	-0,0001	0,147979784		308473,0147	4166881,525	328416,8955	1448285,604	4645832,637	13119679,06	23635726,8	58911839,44		2,63126E-13	3,56062E-07	62987,36317	0,924310146	;	8,530E-19	6,315E-20	1,084E-12	2,459E-13	1,356E-02	4,801E-03	3,911E-08	1,569E-08	;	1,356E-02	4,801E-03	;	0,008556711	0,026201992	0,110656896	5,08016E-08	0,14541565	0,035970398	0,010686926	0,040287979	2,0381E-08	0,086945324
47	23,5	0,00	0,00	4,33	0,01	489,7746	70,0589	0,0006	-0,0002	0,723219421	376,2113	69,2291	0,0006	-0,0002	0,3977	176,5133	36,8307	0,0003	-0,0001	0,2161	115,2117	24,6485	0,0002	-0,0001	0,15082864		285919,153	4232430,389	301670,1837	1366849,685	4267469,805	12181601,47	21710801,56	54115530,83		8,22703E-14	1,01744E-07	16988,40785	3,113666061	;	2,877E-19	1,944E-20	3,373E-13	7,444E-14	3,981E-03	1,395E-03	1,434E-07	5,754E-08	;	3,981E-03	1,395E-03	;	0,008556711	0,026201992	0,114637804	1,94217E-07	0,149396702	0,035970398	0,010686926	0,041682575	7,79184E-08	0,088339977
48	24,0	0,00	0,00	1,02	0,02	492,4243	71,4047	0,0006	-0,0002	0,736321022	384,3479	70,7020	0,0006	-0,0002	0,4050	180,9312	37,6143	0,0003	-0,0001	0,2201	118,0562	25,1730	0,0002	-0,0001	0,153670957		265484,651	4302068,54	277597,8121	1292134,353	3926938,575	11325285,43	19978345,02	49810622,11		2,59393E-14	2,89649E-08	4015,549112	9,279895117	;	9,771E-20	6,030E-21	1,043E-13	2,242E-14	1,023E-03	3,546E-04	4,645E-07	1,863E-07	;	1,023E-03	3,548E-04	;	0,008556711	0,026201992	0,115660369	6,58715E-07	0,150419732	0,035970398	0,010686926	0,04203714	2,64222E-07	0,088694728
49	24,5	0,00	0,00	0,39	0,06	494,9858	72,7450	0,0006	-0,0002	0,749373312	392,3936	72,1750	0,0006	-0,0002	0,4124	185,3619	38,3980	0,0003	-0,0001	0,2242	120,8807	25,6974	0,0002	-0,0001	0,156506838		246929,8948	4375759,367	255884,7538	1223452,667	3619782,53	10556601,44	18415685,12	45940495,53		8,24717E-15	8,22149E-09	1541,412214	24,6423957	;	3,340E-20	1,885E-21	3,213E-14	6,720E-15	4,258E-04	1,460E-04	1,338E-06	5,364E-07	;	4,272E-04	1,466E-04	;	0,008556711	0,026201992	0,116086199	1,99683E-06	0,1508469	0,035970398	0,010686926	0,042183154	8,0062E-07	0,088841278
50	25,0	0,00	0,00	0,23	0,15	497,4630	74,0799	0,0007	-0,0002	0,762377317	400,3466	73,6480	0,0007	-0,0002	0,4197	189,7977	39,1816	0,0003	-0,0001	0,2282	123,6835	26,2218	0,0002	-0,0001	0,159336385		230046,6639	4453479,501	236258,4821	1160198,715	3342146,467	9859463,053	17003208,47	42455297,14		2,64404E-15	2,32834E-09	884,0673836	58,68462841	;	1,149E-20	5,937E-22	9,855E-15	2,007E-15	2,645E-04	8,967E-05	3,451E-06	1,382E-06	;	2,680E-04	9,105E-05	;	0,008556711	0,026201992	0,11635072	5,44822E-06	0,151114872	0,035970398	0,010686926	0,04227282	2,18289E-06	0,088932328
51	25,5	0,00	0,00	0,15	0,32	499,8598	75,4093	0,0007	-0,0002	0,775334027	408,2058	75,1209	0,0007	-0,0002	0,4270	194,2313	39,9652	0,0003	-0,0001	0,2323	126,4635	26,7463	0,0002	-0,0001	0,162159691		214653,4826	4535217,543	218482,5374	1101837,074	3090685,397	9219606,221	15723897,39	39337944,32		8,54737E-16	6,58318E-10	583,6914584	126,0956649	;	3,982E-21	1,885E-22	3,013E-15	5,975E-16	1,889E-04	6,331E-05	8,019E-06	3,205E-06	;	1,969E-04	6,652E-05	;	0,008556711	0,026201992	0,116539575	1,34676E-05	0,151311746	0,035970398	0,010686926	0,04233613	5,38833E-06	0,088998843
52	26,0	0,00	0,00	0,11	0,63	502,1798	76,7334	0,0007	-0,0002	0,788244389	416,1658	76,5939	0,0007	-0,0002	0,4343	198,6578	40,7489	0,0003	-0,0001	0,2363	129,2193	27,2707	0,0002	-0,0001	0,164976851		200591,7352	4620972,978	202351,1697	1051628,695	2862488,749	8631982,351	14562944,33	36530574,65		2,78597E-16	1,85937E-10	431,0680988	245,8445101	;	1,389E-21	6,029E-23	9,189E-16	1,768E-16	1,506E-04	4,994E-05	1,688E-05	6,730E-06	;	1,675E-04	5,667E-05	;	0,008556711	0,026201992	0,116690167	3,03491E-05	0,15147922	0,035970398	0,010686926	0,042386069	1,21182E-05	0,089055511
53	26,5	0,00	0,00	0,09	1,12	504,4264	78,0521	0,0007	-0,0002	0,801109315	424,2801	78,0668	0,0007	-0,0002	0,4415	203,0732	41,5325	0,0004	-0,0001	0,2403	131,9499	27,7951	0,0002	-0,0001	0,167787952		187722,4084	4710755,252	187684,8604	1008992,367	2655017,028	8091942,344	13507429,57	33982520,29		9,15535E-17	5,24888E-11	355,4742251	437,2085066	;	4,877E-22	1,943E-23	2,797E-16	5,202E-17	1,339E-04	4,393E-05	3,237E-05	1,287E-05	;	1,663E-04	5,680E-05	;	0,008556711	0,026201992	0,116824055	6,27171E-05	0,151645476	0,035970398	0,010686926	0,042429998	2,49839E-05	0,089112306
54	27,0	0,00	0,00	0,08	1,82	506,6028	79,3655	0,0007	-0,0002	0,813929684	432,3383	79,5398	0,0007	-0,0002	0,4488	207,4736	42,3161	0,0004	-0,0001	0,2443	134,6545	28,3196	0,0002	-0,0001	0,17059308		175923,349	4804582,973	174326,566	969171,6555	2466048,675	7595226,094	12546050,9	31666155,48		3,03321E-17	1,48164E-11	318,9507797	712,7127892	;	1,724E-22	6,313E-24	8,499E-17	1,529E-17	1,293E-04	4,199E-05	5,681E-05	2,251E-05	;	1,861E-04	6,450E-05	;	0,008556711	0,026201992	0,116953392	0,000119525	0,15183162	0,035970398	0,010686926	0,042471992	4,74909E-05	0,089176807
55	27,5	0,00	0,00	0,08	2,73	508,7121	80,6737	0,0007	-0,0002	0,82670634	440,3368	81,0128	0,0007	-0,0002	0,4560	211,8559	43,0998	0,0004	-0,0001	0,2483	137,3325	28,8440	0,0002	-0,0001	0,173392319		165086,9483	4902483,234	162138,5568	931925,009	2293635,344	7137944,662	11668896,11	29557020,06		1,01304E-17	4,18392E-12	301,2954463	1069,86271	;	6,136E-23	2,066E-24	2,580E-17	4,490E-18	1,314E-04	4,221E-05	9,168E-05	3,620E-05	;	2,230E-04	7,841E-05	;	0,008556711	0,026201992	0,117084753	0,00021121	0,152054667	0,035970398	0,010686926	0,042514202	8,36875E-05	0,089255214
56	28,0	0,00	0,00	0,07	3,79	510,7570	81,9765	0,0007	-0,0002	0,839440097	448,2725	82,4857	0,0007	-0,0002	0,4631	216,2173	43,8834	0,0004	-0,0001	0,2523	139,9833	29,3685	0,0002	-0,0001	0,176185748		155118,1797	5004491,033	150999,7471	897035,7322	2136064,139	6716558,118	10867250,8	27633457,95		3,41053E-18	1,18238E-12	292,3470705	1485,216317	;	2,199E-23	6,815E-25	7,830E-18	1,318E-18	1,369E-04	4,353E-05	1,367E-04	5,375E-05	;	2,735E-04	9,727E-05	;	0,008556711	0,026201992	0,117221616	0,000347879	0,152328198	0,035970398	0,010686926	0,042557728	0,000137435	0,089352487
57	28,5	0,00	0,00	0,07	4,88	512,7404	83,2741	0,0007	-0,0002	0,852131738	456,1430	83,9587	0,0007	-0,0002	0,4703	220,5552	44,6670	0,0004	-0,0001	0,2563	142,6067	29,8929	0,0003	-0,0001	0,178973445		145932,9315	5110648,771	140803,434	864309,0534	1991825,628	6327851,134	10133435,71	25876290,8		1,15731E-18	3,34522E-13	287,2576812	1914,438174	;	7,930E-24	2,265E-25	2,376E-18	3,870E-19	1,442E-04	4,540E-05	1,889E-04	7,398E-05	;	3,331E-04	1,194E-04	;	0,008556711	0,026201992	0,117365834	0,000536802	0,152661339	0,035970398	0,010686926	0,042603124	0,000211419	0,089471867
58	29,0	0,00	0,00	0,07	5,87	514,6648	84,5666	0,0007	-0,0002	0,86478202	463,9461	85,4316	0,0008	-0,0002	0,4775	224,8676	45,4507	0,0004	-0,0001	0,2602	145,2023	30,4173	0,0003	-0,0001	0,181755485		137456,5851	5221005,827	131455,3761	833569,5774	1859586,656	5968907,796	9460668,432	24268525,75		3,95803E-19	9,47816E-14	283,8218409	2299,933383	;	2,879E-24	7,581E-26	7,210E-19	1,137E-19	1,526E-04	4,755E-05	2,431E-04	9,477E-05	;	3,957E-04	1,423E-04	;	0,008556711	0,026201992	0,11751846	0,000779906	0,15305707	0,035970398	0,010686926	0,042650674	0,000306189	0,089614188
59	29,5	0,00	0,00	0,07	6,59	516,5325	85,8538	0,0008	-0,0002	0,877391671	471,6800	86,9046	0,0008	-0,0002	0,4846	229,1527	46,2343	0,0004	-0,0001	0,2642	147,7700	30,9418	0,0003	-0,0001	0,18453194		129622,7993	5335618,2	122872,1565	804659,0674	1738167,198	5637086,628	8842945,545	22795095,5		1,36418E-19	2,6902E-14	281,0787231	2584,298564	;	1,052E-24	2,557E-26	2,189E-19	3,343E-20	1,617E-04	4,986E-05	2,922E-04	1,134E-04	;	4,540E-04	1,632E-04	;	0,008556711	0,026201992	0,11768017	0,001072151	0,153511024	0,035970398	0,010686926	0,042700537	0,00041956	0,089777421
60	30,0	0,00	0,00	0,07	6,95	518,3460	87,1359	0,0008	-0,0002	0,889961396	479,3434	88,3776	0,0008	-0,0002	0,4917	233,4088	47,0179	0,0004	-0,0002	0,2682	150,3096	31,4662	0,0003	-0,0001	0,187302882		122372,4682	5454548,193	114979,7838	777434,511	1626520,558	5329996,477	8274941,984	21442628,33		4,73798E-20	7,65114E-15	278,6259378	2724,977109	;	3,872E-25	8,686E-27	6,654E-20	9,842E-21	1,713E-04	5,228E-05	3,293E-04	1,271E-04	;	5,006E-04	1,794E-04	;	0,008556711	0,026201992	0,117851472	0,001401455	0,154011631	0,035970398	0,010686926	0,042752812	0,000546642	0,089956778
61	30,5	0,00	0,00	0,07	6,90	520,1074	88,4129	0,0008	-0,0001	0,902491875	486,9352	89,8505	0,0008	-0,0002	0,4988	237,6346	47,8016	0,0004	-0,0002	0,2721	152,8212	31,9906	0,0003	-0,0001	0,190068378		115652,8256	5577864,159	107712,4931	751766,4292	1523716,419	5045473,663	7751924,751	20199245,14		1,65808E-20	2,18099E-15	276,3009354	2705,905241	;	1,434E-25	2,973E-27	2,025E-20	2,901E-21	1,813E-04	5,476E-05	3,491E-04	1,340E-04	;	5,304E-04	1,887E-04	;	0,008556711	0,026201992	0,118032806	0,001750518	0,154542027	0,035970398	0,010686926	0,042807574	0,000680603	0,090145501
62	31,0	0,00	0,00	0,07	6,61	521,8188	89,6848	0,0008	-0,0001	0,914983762	494,4545	91,3235	0,0008	-0,0002	0,5058	241,8289	48,5852	0,0004	-0,0002	0,2760	155,3048	32,5151	0,0003	-0,0001	0,192828495		109416,6719	5705640,278	101011,7169	727537,3963	1428926,276	4781560,624	7269678,808	19054381		5,84616E-21	6,23257E-16	274,040157	2589,417558	;	5,343E-26	1,025E-27	6,170E-21	8,567E-22	1,918E-04	5,731E-05	3,562E-04	1,359E-04	;	5,480E-04	1,932E-04	;	0,008556711	0,026201992	0,118224586	0,002106712	0,155090002	0,035970398	0,010686926	0,042864886	0,000816499	0,090338709
63	31,5	0,00	0,00	0,07	8,11	523,4821	90,9516	0,0008	-0,0001	0,927437694	501,9006	92,7964	0,0008	-0,0002	0,5129	245,9907	49,3688	0,0004	-0,0002	0,2799	157,7604	33,0395	0,0003	-0,0001	0,195583298		103621,7074	5837956,377	94825,19756	704640,741	1341410,883	4536486,155	6824443,244	17998628,39		2,0766E-21	1,78588E-16	271,8194363	3177,745613	;	2,004E-26	3,557E-28	1,883E-21	2,534E-22	2,026E-04	5,992E-05	4,656E-04	1,766E-04	;	6,683E-04	2,365E-04	;	0,008556711	0,026201992	0,118427223	0,002572354	0,15575828	0,035970398	0,010686926	0,042924804	0,000993054	0,090575182
64	32,0	0,00	0,00	0,07	20,16	525,0992	92,2134	0,0008	-0,0001	0,939854284	509,3387	94,2694	0,0008	-0,0002	0,5199	250,1192	50,1525	0,0004	-0,0002	0,2839	160,1881	33,5640	0,0003	-0,0001	0,19833285		98229,95359	5974897,78	89106,22176	684105,3057	1260509,429	4308647,277	6412856,168	17023599,79		7,43036E-22	5,13208E-17	269,6297621	7901,284494	;	7,564E-27	1,244E-28	5,760E-22	7,502E-23	2,139E-04	6,258E-05	1,232E-03	4,641E-04	;	1,446E-03	5,267E-04	;	0,008556711	0,026201992	0,118641128	0,003804454	0,157204286	0,035970398	0,010686926	0,042987383	0,001457191	0,091101898
65	32,5	0,00	0,00	0,07	43,41	526,6719	93,4702	0,0008	-0,0001	0,952234126	516,8218	95,7423	0,0008	-0,0002	0,5269	254,2138	50,9361	0,0004	-0,0002	0,2878	162,5882	34,0884	0,0003	-0,0001	0,201077212		93207,25148	6116555,187	83812,95788	666386,7366	1185630,156	4096592,689	6031907,013	16121807,12		2,67797E-22	1,47932E-17	267,4677699	17014,69898	;	2,873E-27	4,378E-29	1,765E-22	2,220E-23	2,256E-04	6,529E-05	2,821E-03	1,055E-03	;	3,046E-03	1,121E-03	;	0,008556711	0,026201992	0,11886672	0,006625237	0,16025066	0,035970398	0,010686926	0,043052673	0,002512575	0,092222573
66	33,0	0,00	0,00	0,07	45,37	528,2019	94,7221	0,0008	-0,0001	0,964577793	524,2459	97,2153	0,0009	-0,0002	0,5339	258,2738	51,7197	0,0004	-0,0002	0,2917	164,9609	34,6128	0,0003	-0,0001	0,203816443		88522,82434	6263024,579	78907,88103	649489,9203	1116242,234	3899007,738	5678895,162	15286556,28		9,72082E-23	4,27783E-18	265,3321343	17785,85834	;	1,098E-27	1,552E-29	5,421E-23	6,586E-24	2,377E-04	6,805E-05	3,132E-03	1,163E-03	;	3,370E-03	1,232E-03	;	0,008556711	0,026201992	0,119104421	0,009757159	0,163620284	0,035970398	0,010686926	0,043120725	0,003676072	0,093454121
67	33,5	0,00	0,00	0,07	21,84	529,6907	95,9690	0,0008	-0,0001	0,976885843	531,6098	98,6883	0,0009	-0,0002	0,5409	262,2987	52,5034	0,0004	-0,0002	0,2955	167,3062	35,1373	0,0003	-0,0001	0,206550601		84148,89665	6414407,146	74357,27333	633363,8406	1051868,683	3714700,829	5351393,982	14511854,64		3,55354E-23	1,24119E-18	263,2222417	8562,535642	;	4,223E-28	5,540E-30	1,669E-23	1,960E-24	2,502E-04	7,086E-05	1,600E-03	5,900E-04	;	1,850E-03	6,609E-04	;	0,008556711	0,026201992	0,119354663	0,011357216	0,165470583	0,035970398	0,010686926	0,043191584	0,004266109	0,094115017
68	34,0	0,00	0,00	0,07	5,61	531,1400	97,2109	0,0009	-0,0001	0,989158815	538,9126	100,1612	0,0009	-0,0002	0,5479	266,2884	53,2870	0,0005	-0,0002	0,2994	169,6246	35,6617	0,0003	-0,0001	0,209279744		80060,36093	6570809,237	70130,78842	617961,3478	992080,2195	3542591,146	5047219,49	13792329,99		1,3081E-23	3,6138E-19	261,137716	2199,563955	;	1,634E-28	1,991E-30	5,153E-24	5,848E-25	2,632E-04	7,371E-05	4,358E-04	1,595E-04	;	6,990E-04	2,332E-04	;	0,008556711	0,026201992	0,119617886	0,011793013	0,166169603	0,035970398	0,010686926	0,043265298	0,004425586	0,094348209
69	34,5	0,00	0,00	0,07	1,42	532,5511	98,4480	0,0009	-0,0001	1,00139723	546,1537	101,6342	0,0009	-0,0003	0,5548	270,2424	54,0706	0,0005	-0,0002	0,3033	172,1125	36,1861	0,0003	-0,0001	0,212003927		76234,48582	6732342,329	66201,0714	603238,8185	936489,8773	3381697,61	4764402,987	13119679,06		4,84851E-24	1,05596E-19	259,0782544	558,5464697	;	6,360E-29	7,202E-31	1,595E-24	1,750E-25	2,766E-04	7,661E-05	1,172E-04	4,257E-05	;	3,939E-04	1,192E-04	;	0,008556711	0,026201992	0,119894534	0,011910247	0,166563484	0,035970398	0,010686926	0,04334191	0,00446816	0,094467394
70	35,0	0,00	0,00	0,07	0,67	533,9255	99,6802	0,0009	-0,0001	1,013601595	553,3325	103,1071	0,0009	-0,0003	0,5617	274,1606	54,8543	0,0005	-0,0002	0,3072	175,0441	36,7106	0,0003	-0,0001	0,214723203		72650,65988	6899123,007	62543,42617	589155,8501	884748,3018	3231128,939	4501167,128	12484825,84		1,80934E-24	3,09696E-20	257,0435724	263,6488036	;	2,490E-29	2,623E-31	4,952E-25	5,257E-26	2,905E-04	7,955E-05	5,857E-05	2,112E-05	;	3,491E-04	1,007E-04	;	0,008556711	0,026201992	0,120185061	0,01196882	0,166912585	0,035970398	0,010686926	0,043421462	0,004489277	0,094568063
71	35,5	0,00	0,00	0,07	0,41	535,2644	100,9076	0,0009	-0,0001	1,0257724	560,4486	104,5801	0,0009	-0,0003	0,5686	278,0430	55,6379	0,0005	-0,0002	0,3110	177,9844	37,2350	0,0003	-0,0001	0,217437625		69290,16631	7071272,971	59135,52395	575674,9834	836539,6269	3090074,731	4255904,942	11887457,3		6,7974E-25	9,11728E-21	255,0333866	159,5083208	;	9,810E-30	9,613E-32	1,542E-25	1,584E-26	3,049E-04	8,253E-05	3,748E-05	1,342E-05	;	3,423E-04	9,595E-05	;	0,008556711	0,026201992	0,120489928	0,012006299	0,167254931	0,035970398	0,010686926	0,043503995	0,004502695	0,094664015
72	36,0	0,00	0,00	0,06	0,24	536,5693	102,1301	0,0009	-0,0001	1,037910123	567,5017	106,0531	0,0009	-0,0003	0,5755	282,1276	56,4215	0,0005	-0,0002	0,3149	180,9312	37,7594	0,0003	-0,0001	0,220147245		66135,98438	7248919,048	55957,14725	562761,4533	791577,853	2961906,363	4027161,402	11325285,43		2,57061E-25	2,69448E-21	253,0474098	95,5296824	;	3,887E-30	3,546E-32	4,815E-26	4,788E-27	3,197E-04	8,543E-05	2,372E-05	8,435E-06	;	3,434E-04	9,387E-05	;	0,008556711	0,026201992	0,120809603	0,012030021	0,167598327	0,035970398	0,010686926	0,043589429	0,00451113	0,094757884
73	36,5	0,00	0,00	0,06	0,14	537,8411	103,3479	0,0009	-0,0001	1,050015226	574,4915	107,5260	0,0010	-0,0003	0,5824	286,5075	57,2052	0,0005	-0,0002	0,3187	183,8837	38,2839	0,0003	-0,0001	0,222852113		63172,61414	7432193,22	52989,96456	550382,9627	749603,6599	2846388,325	3813617,213	10802640,38		9,78507E-26	7,9946E-22	251,0853504	55,33536113	;	1,549E-30	1,317E-32	1,509E-26	1,453E-27	3,350E-04	8,821E-05	1,451E-05	5,122E-06	;	3,495E-04	9,333E-05	;	0,008556711	0,026201992	0,12114456	0,012044531	0,167947795	0,035970398	0,010686926	0,043677641	0,004516253	0,094851218
74	37,0	0,00	0,00	0,06	0,08	539,0812	104,5609	0,0009	-0,0001	1,062088157	581,4182	108,9990	0,0010	-0,0003	0,5892	290,8895	57,9888	0,0005	-0,0002	0,3225	186,8404	38,8083	0,0003	-0,0001	0,225552278		60385,92143	7621232,668	50217,3318	538509,4778	710381,5981	2736931,041	3614074,524	10317529,21		3,74878E-26	2,38155E-22	249,1469128	31,01674042	;	6,208E-31	4,919E-33	4,742E-27	4,422E-28	3,507E-04	9,103E-05	8,582E-06	3,006E-06	;	3,593E-04	9,404E-05	;	0,008556711	0,026201992	0,121495283	0,012053113	0,1683071	0,035970398	0,010686926	0,043768672	0,004519259	0,094945256
75	37,5	0,00	0,00	0,06	0,04	540,2906	105,7692	0,0009	-0,0001	1,074129353	588,2816	110,4719	0,0010	-0,0003	0,5961	295,2709	58,7724	0,0005	-0,0002	0,3263	189,7977	39,3328	0,0003	-0,0001	0,228247789		57763,00054	7816179,82	47624,11696	527113,043	673697,608	2633170,564	3427444,304	9859463,053		1,44536E-26	7,12342E-23	247,2317979	16,84715706	;	2,502E-31	1,849E-33	1,496E-27	1,351E-28	3,670E-04	9,389E-05	4,915E-06	1,709E-06	;	3,719E-04	9,560E-05	;	0,008556711	0,026201992	0,121862261	0,012058028	0,168678993	0,035970398	0,010686926	0,043862564	0,004520968	0,095040856
76	38,0	0,00	0,00	0,06	0,02	541,4704	106,9727	0,0009	-0,0001	1,086139238	595,0819	111,9449	0,0010	-0,0003	0,6029	299,6507	59,5561	0,0005	-0,0002	0,3302	192,7540	39,8572	0,0003	-0,0001	0,230938692		55292,0523	8017182,42	45196,54501	516167,6121	639356,826	2535951,842	3252735,182	9426847,126		5,60776E-27	2,13948E-23	245,3397046	8,879329912	;	1,014E-31	6,995E-34	4,734E-28	4,145E-29	3,837E-04	9,674E-05	2,730E-06	9,419E-07	;	3,865E-04	9,769E-05	;	0,008556711	0,026201992	0,122245989	0,012060758	0,169065451	0,035970398	0,010686926	0,043959308	0,00452191	0,095138542
77	38,5	0,00	0,00	0,06	0,01	542,6215	108,1716	0,0010	-0,0001	1,098118222	601,8193	113,4179	0,0010	-0,0003	0,6097	304,0270	60,3397	0,0005	-0,0002	0,3340	195,7078	40,3816	0,0003	-0,0001	0,233625033		52962,2758	8224393,597	42922,06047	505648,8961	607181,6407	2445150,188	3089043,558	9018165,678		2,18924E-27	6,45262E-24	243,4703299	4,546887197	;	4,134E-32	2,662E-34	1,503E-28	1,276E-29	4,010E-04	9,957E-05	1,472E-06	5,042E-07	;	4,025E-04	1,001E-04	;	0,008556711	0,026201992	0,122646974	0,01206223	0,169467908	0,035970398	0,010686926	0,044058881	0,004522414	0,095238619
78	39,0	0,00	0,00	0,06	0,01	543,7450	109,3658	0,0010	-0,0001	1,110066708	608,4940	114,8908	0,0010	-0,0003	0,6165	308,3964	61,1233	0,0005	-0,0002	0,3378	198,6578	40,9061	0,0003	-0,0001	0,236306859		50763,77186	8437971,955	40789,20548	495534,2234	577009,9672	2358760,371	2935544,823	8631982,351		8,59905E-28	1,9543E-24	241,62337	2,264950993	;	1,694E-32	1,019E-34	4,791E-29	3,944E-30	4,188E-04	1,024E-04	7,716E-07	2,624E-07	;	4,195E-04	1,027E-04	;	0,008556711	0,026201992	0,123065725	0,012063002	0,16988743	0,035970398	0,010686926	0,044161318	0,004522676	0,095341318
79	39,5	0,00	0,00	0,06	0,00	544,8417	110,5554	0,0010	-0,0001	1,121985083	615,1063	116,3638	0,0010	-0,0003	0,6233	312,7571	61,9069	0,0005	-0,0002	0,3416	201,6029	41,4305	0,0003	-0,0001	0,238984212		48687,45706	8658081,659	38787,51137	485802,4139	548693,7144	2276536,362	2791485,562	8266939,385		3,39804E-28	5,94416E-25	239,7985208	1,098800367	;	6,979E-33	3,925E-35	1,532E-29	1,224E-30	4,370E-04	1,053E-04	3,936E-07	1,329E-07	;	4,374E-04	1,055E-04	;	0,008556711	0,026201992	0,12350276	0,012063395	0,170324859	0,035970398	0,010686926	0,044266653	0,004522809	0,095446786
80	40,0	0,00	0,00	0,06	0,00	545,9125	111,7404	0,0010	-0,0001	1,133873728	621,6566	117,8367	0,0010	-0,0003	0,6300	317,1076	62,6906	0,0005	-0,0002	0,3454	204,5418	41,9549	0,0004	-0,0001	0,241657137		46724,9869	8884892,544	36907,40223	476433,6637	522097,42	2198245,997	2656176,61	7921755,995		1,35081E-28	1,8157E-25	237,9954781	0,519726456	;	2,891E-33	1,520E-35	4,920E-30	3,811E-31	4,558E-04	1,083E-04	1,957E-07	6,561E-08	;	4,560E-04	1,083E-04	;	0,008556711	0,026201992	0,123958605	0,012063591	0,170780899	0,035970398	0,010686926	0,044374919	0,004522875	0,095555118
81	40,5	0,00	0,00	0,06	0,00	546,9584	112,9208	0,0010	-0,0001	1,14573301	627,9524	119,3097	0,0011	-0,0003	0,6368	321,4464	63,4742	0,0005	-0,0002	0,3491	207,4736	42,4794	0,0004	-0,0001	0,244325675		44868,68706	9118580,224	35140,10881	469542,0336	497097,0332	2123670,381	2528986,855	7595226,094		5,40147E-29	5,57014E-26	236,213939	0,23993021	;	1,204E-33	5,924E-36	1,585E-30	1,186E-31	4,752E-04	1,112E-04	9,487E-08	3,159E-08	;	4,753E-04	1,113E-04	;	0,008556711	0,026201992	0,124433792	0,012063686	0,171256181	0,035970398	0,010686926	0,044486148	0,004522906	0,095666378
82	41,0	0,00	0,00	0,06	0,00	547,9800	114,0966	0,0010	-0,0001	1,15756329	633,9855	120,7827	0,0011	-0,0003	0,6435	325,7722	64,2578	0,0005	-0,0002	0,3529	210,3973	43,0038	0,0004	-0,0001	0,24698987		43111,49186	9359326,212	33477,5918	465136,7997	473578,8285	2052603,278	2409337,719	7286215,593		2,17245E-29	1,71619E-26	234,4536012	0,108214584	;	5,039E-34	2,321E-36	5,126E-31	3,690E-32	4,951E-04	1,142E-04	4,491E-08	1,485E-08	;	4,951E-04	1,142E-04	;	0,008556711	0,026201992	0,124928859	0,012063731	0,171751294	0,035970398	0,010686926	0,04460037	0,004522921	0,095780616
83	41,5	0,00	0,00	0,06	0,00	548,9782	115,2679	0,0010	-0,0001	1,169364916	639,9468	122,2556	0,0011	-0,0003	0,6502	330,0838	65,0415	0,0006	-0,0002	0,3567	213,3121	43,5282	0,0004	-0,0001	0,24964976		41446,88907	9607318,05	31912,47309	460904,9084	451438,4341	1984850,49	2296698,209	6993659,38		8,7877E-30	5,31064E-27	232,7141643	0,047730273	;	2,120E-34	9,147E-37	1,664E-31	1,152E-32	5,155E-04	1,172E-04	2,078E-08	6,825E-09	;	5,155E-04	1,173E-04	;	0,008556711	0,026201992	0,125444354	0,012063751	0,172266809	0,035970398	0,010686926	0,044717615	0,004522928	0,095897868
84	42,0	0,00	0,00	0,06	0,00	549,9537	116,4347	0,0010	-0,0001	1,18113823	645,8374	123,7286	0,0011	-0,0003	0,6569	334,3802	65,8251	0,0006	-0,0002	0,3604	216,2173	44,0527	0,0004	-0,0001	0,252305387		39868,87025	9862749,444	30437,97434	456836,9081	430579,9627	1920229,237	2190580,496	6716558,118		3,57483E-30	1,65051E-27	230,9953297	0,02060662	;	8,966E-35	3,625E-37	5,423E-32	3,613E-33	5,365E-04	1,203E-04	9,407E-09	3,068E-09	;	5,365E-04	1,203E-04	;	0,008556711	0,026201992	0,125980829	0,012063761	0,172803294	0,035970398	0,010686926	0,044837911	0,004522931	0,096018167
85	42,5	0,00	0,00	0,06	0,00	550,9073	117,5971	0,0010	-0,0001	1,192883563	651,6586	125,2015	0,0011	-0,0003	0,6636	338,6602	66,6087	0,0006	-0,0002	0,3642	219,1120	44,5771	0,0004	-0,0001	0,254956791		38371,8862	10125820,41	29047,86182	452924,0061	410915,2311	1858567,545	2090535,949	6453974,945		1,46238E-30	5,15214E-28	229,2968008	0,00871573	;	3,811E-35	1,444E-37	1,774E-32	1,138E-33	5,580E-04	1,234E-04	4,169E-09	1,350E-09	;	5,580E-04	1,234E-04	;	0,008556711	0,026201992	0,126538844	0,012063765	0,173361313	0,035970398	0,010686926	0,044961284	0,004522932	0,096141541
86	43,0	0,00	0,00	0,06	0,00	551,8396	118,7549	0,0010	-0,0001	1,204601239	657,4116	126,6745	0,0011	-0,0003	0,6703	342,9230	67,3924	0,0006	-0,0002	0,3679	221,9956	45,1016	0,0004	-0,0001	0,257604008		36950,80674	10396737,44	27736,39695	449158,0126	392363,0604	1799703,645	1996151,568	6205032,137		6,01528E-31	1,6153E-28	227,6182837	0,003614493	;	1,628E-35	5,786E-38	5,824E-33	3,596E-34	5,801E-04	1,265E-04	1,811E-09	5,825E-10	;	5,801E-04	1,265E-04	;	0,008556711	0,026201992	0,127118965	0,012063767	0,173941436	0,035970398	0,010686926	0,045087759	0,004522933	0,096268017
87	43,5	0,00	0,00	0,06	0,00	552,7512	119,9083	0,0011	-0,0001	1,216291573	663,0977	128,1474	0,0011	-0,0003	0,6770	347,1678	68,1760	0,0006	-0,0002	0,3717	224,8676	45,6260	0,0004	-0,0001	0,260247079		35600,8845	10675713,63	26498,29183	445531,2909	374848,6473	1743485,397	1907046,79	5968907,796		2,48779E-31	5,08654E-29	225,9594871	0,001470903	;	6,988E-36	2,330E-38	1,920E-33	1,142E-34	6,028E-04	1,296E-04	7,713E-10	2,464E-10	;	6,028E-04	1,296E-04	;	0,008556711	0,026201992	0,127721767	0,012063768	0,174544239	0,035970398	0,010686926	0,045217362	0,004522933	0,096397619
88	44,0	0,00	0,00	0,06	0,00	553,6429	121,0574	0,0011	-0,0001	1,227954874	668,7179	129,6204	0,0011	-0,0003	0,6836	351,3938	68,9596	0,0006	-0,0002	0,3754	227,7275	46,1504	0,0004	-0,0001	0,262886039		34317,72218	10962968,88	25328,66917	442036,7122	358302,997	1689769,727	1822870,605	5744832,605		1,03444E-31	1,60876E-29	224,3201224	0,00058782	;	3,014E-36	9,436E-39	6,352E-34	3,639E-35	6,261E-04	1,328E-04	3,225E-10	1,023E-10	;	6,261E-04	1,328E-04	;	0,008556711	0,026201992	0,12834783	0,012063768	0,175170302	0,035970398	0,010686926	0,045350114	0,004522933	0,096530371
89	44,5	0,00	0,00	0,06	0,00	554,5152	122,2020	0,0011	-0,0001	1,239591441	674,2735	131,0934	0,0012	-0,0003	0,6902	355,6004	69,7433	0,0006	-0,0002	0,3791	230,5747	46,6749	0,0004	-0,0001	0,265520926		33097,24299	11258730,09	24223,02628	438667,6148	342662,4135	1638422,097	1743298,957	5532086,67		4,3241E-32	5,11052E-30	222,6999042	0,000230858	;	1,306E-36	3,841E-39	2,110E-34	1,165E-35	6,499E-04	1,359E-04	1,324E-10	4,173E-11	;	6,499E-04	1,359E-04	;	0,008556711	0,026201992	0,128997741	0,012063768	0,175820212	0,035970398	0,010686926	0,045486037	0,004522933	0,096666295
90	45,0	0,00	0,00	0,06	0,00	555,3686	123,3422	0,0011	-0,0001	1,251201567	679,7655	132,5663	0,0012	-0,0003	0,6969	359,7870	70,5269	0,0006	-0,0002	0,3828	233,4088	47,1993	0,0004	-0,0002	0,268151776		31935,66386	11563231,29	23177,20245	435417,7668	327868,0392	1589315,987	1668032,408	5329996,477		1,81702E-32	1,63057E-30	221,0985504	8,91642E-05	;	5,690E-37	1,571E-39	7,035E-35	3,745E-36	6,744E-04	1,391E-04	5,345E-11	1,673E-11	;	6,744E-04	1,391E-04	;	0,008556711	0,026201992	0,129672093	0,012063768	0,176494565	0,035970398	0,010686926	0,045625152	0,004522933	0,09680541
91	45,5	0,00	0,00	0,06	0,00	556,2039	124,4782	0,0011	-0,0001	1,262785539	685,1952	134,0393	0,0012	-0,0003	0,7035	363,9529	71,3105	0,0006	-0,0002	0,3866	236,2294	47,7237	0,0004	-0,0002	0,270778623		30829,47121	11876713,88	22187,34962	432281,3325	313865,4388	1542332,412	1596794,018	5137931,974		7,67483E-33	5,22531E-31	219,5157819	3,38898E-05	;	2,489E-37	6,462E-40	2,355E-35	1,209E-36	6,994E-04	1,423E-04	2,122E-11	6,596E-12	;	6,994E-04	1,423E-04	;	0,008556711	0,026201992	0,130371487	0,012063768	0,177193959	0,035970398	0,010686926	0,04576748	0,004522933	0,096947737
92	46,0	0,00	0,00	0,06	0,00	557,0214	125,6097	0,0011	-0,0001	1,274343636	690,5635	135,5122	0,0012	-0,0003	0,7101	368,0978	72,0942	0,0006	-0,0002	0,3903	239,0362	48,2482	0,0004	-0,0002	0,273401503		29775,3989	12199426,82	21249,90577	429252,8424	300604,2232	1497359,462	1529327,432	4955303,795		3,25832E-33	1,68183E-31	217,9513233	1,26841E-05	;	1,094E-37	2,671E-40	7,915E-36	3,918E-37	7,250E-04	1,456E-04	8,294E-12	2,560E-12	;	7,250E-04	1,456E-04	;	0,008556711	0,026201992	0,131096531	0,012063768	0,177919003	0,035970398	0,010686926	0,045913037	0,004522933	0,097093294
93	46,5	0,00	0,00	0,06	0,00	557,8218	126,7370	0,0011	-0,0001	1,28587613	695,8716	136,9852	0,0012	-0,0003	0,7166	372,2211	72,8778	0,0006	-0,0002	0,3940	241,8289	48,7726	0,0004	-0,0002	0,276020451		28770,40828	12531626,83	20361,57085	426327,1646	288037,7097	1454291,862	1465395,15	4781560,624		1,39029E-33	5,43683E-32	216,4049027	4,67762E-06	;	4,832E-38	1,109E-40	2,670E-36	1,275E-37	7,513E-04	1,488E-04	3,192E-12	9,783E-13	;	7,513E-04	1,488E-04	;	0,008556711	0,026201992	0,131847839	0,012063768	0,178670311	0,035970398	0,010686926	0,046061841	0,004522933	0,097242099
94	47,0	0,00	0,00	0,05	0,00	558,6055	127,8601	0,0011	-0,0001	1,297383288	701,1204	138,4582	0,0012	-0,0003	0,7232	376,3225	73,6614	0,0006	-0,0002	0,3977	244,6071	49,2971	0,0004	-0,0002	0,278635498		27811,66998	12873578,64	19519,28498	423499,48	276122,6127	1413030,563	1404776,957	4616186,693		5,96183E-34	1,76522E-32	214,8762515	1,70068E-06	;	2,144E-38	4,631E-41	9,043E-37	4,168E-38	7,782E-04	1,521E-04	1,211E-12	3,684E-13	;	7,782E-04	1,521E-04	;	0,008556711	0,026201992	0,13262603	0,012063768	0,179448502	0,035970398	0,010686926	0,046213909	0,004522933	0,097394166
95	47,5	0,00	0,00	0,05	0,00	559,3731	128,9789	0,0011	-0,0001	1,30886537	706,3111	139,9311	0,0012	-0,0003	0,7298	380,4017	74,4451	0,0006	-0,0002	0,4013	247,3706	49,8215	0,0004	-0,0002	0,28124668		26896,54741	13225555,21	18720,20868	420765,259	264818,7644	1373482,352	1347268,5	4458699,437		2,56914E-34	5,75623E-33	213,3651051	6,09955E-07	;	9,552E-39	1,943E-41	3,075E-37	1,368E-38	8,057E-04	1,553E-04	4,527E-13	1,368E-13	;	8,057E-04	1,553E-04	;	0,008556711	0,026201992	0,133431733	0,012063768	0,180254205	0,035970398	0,010686926	0,046369255	0,004522933	0,097549513
96	48,0	0,00	0,00	0,05	0,00	560,1249	130,0934	0,0011	-0,0001	1,320322631	711,4445	141,4041	0,0013	-0,0003	0,7363	384,4583	75,2287	0,0006	-0,0002	0,4050	250,1192	50,3459	0,0004	-0,0002	0,283854027		26022,58164	13587837,94	17961,70486	418120,2406	254088,8603	1335559,489	1292679,99	4308647,277		1,11251E-34	1,8852E-33	211,8712023	2,15915E-07	;	4,275E-39	8,188E-42	1,050E-37	4,509E-39	8,338E-04	1,586E-04	1,670E-13	5,011E-14	;	8,338E-04	1,586E-04	;	0,008556711	0,026201992	0,13426558	0,012063768	0,181088052	0,035970398	0,010686926	0,046527893	0,004522933	0,097708151
97	48,5	0,00	0,00	0,05	0,00	560,8614	131,2037	0,0012	-0,0001	1,331755319	716,5218	142,8770	0,0013	-0,0003	0,7429	388,4921	76,0123	0,0006	-0,0002	0,4087	252,8527	50,8704	0,0004	-0,0002	0,286457573		25187,47769	13960716,96	17241,32253	415560,4126	243898,2282	1299179,363	1240835,032	4165607,549		4,84061E-35	6,20082E-34	210,394286	7,5475E-08	;	1,922E-39	3,467E-42	3,596E-38	1,492E-39	8,626E-04	1,619E-04	6,083E-14	1,812E-14	;	8,626E-04	1,619E-04	;	0,008556711	0,026201992	0,135128211	0,012063768	0,181950683	0,035970398	0,010686926	0,046689837	0,004522933	0,097870095
98	49,0	0,00	0,00	0,05	0,00	561,5831	132,3099	0,0012	-0,0001	1,343163678	721,5438	144,3500	0,0013	-0,0003	0,7494	392,5028	76,7960	0,0007	-0,0002	0,4124	255,5710	51,3948	0,0004	-0,0002	0,289057348		24389,09196	14344491,36	16556,78189	413081,9945	234214,6178	1264264,169	1191569,553	4029184,554		2,11618E-35	2,04837E-34	208,9341024	2,60659E-08	;	8,677E-40	1,475E-42	1,237E-38	4,959E-40	8,921E-04	1,653E-04	2,188E-14	6,469E-15	;	8,921E-04	1,653E-04	;	0,008556711	0,026201992	0,136020274	0,012063768	0,182842746	0,035970398	0,010686926	0,046855099	0,004522933	0,098035356
99	49,5	0,00	0,00	0,05	0,00	562,2903	133,4119	0,0012	-0,0001	1,354547945	726,5115	145,8230	0,0013	-0,0003	0,7559	396,4910	77,5796	0,0007	-0,0002	0,4160	258,2738	51,9192	0,0004	-0,0002	0,291653385		23625,42077	14739469,48	15905,9608	410681,421	225008,0092	1231040,455	1144730,826	3899007,738		9,29474E-36	6,79562E-35	207,4904018	8,89818E-09	;	3,934E-40	6,306E-43	4,272E-39	1,655E-40	9,221E-04	1,685E-04	7,773E-15	2,282E-15	;	9,221E-04	1,685E-04	;	0,008556711	0,026201992	0,13694242	0,012063768	0,183764892	0,035970398	0,010686926	0,047023648	0,004522933	0,098203905
100	50,0	0,00	0,00	0,05	0,00	562,9835	134,5098	0,0012	-0,0001	1,365908353	731,4258	147,2959	0,0013	-0,0003	0,7624	400,4574	78,3632	0,0007	-0,0002	0,4197	260,9610	52,4437	0,0004	-0,0002	0,294245713		22894,58987	15145969,18	15286,88247	408355,3271	216250,438	1199834,136	1100176,582	3774729,998		4,10136E-36	2,26414E-35	206,0629381	3,0039E-09	;	1,791E-40	2,708E-43	1,481E-39	5,545E-41	9,529E-04	1,717E-04	2,730E-15	7,958E-16	;	9,529E-04	1,717E-04	;	0,008556711	0,026201992	0,137895311	0,012063768	0,184717783	0,035970398	0,010686926	0,04719539	0,004522933	0,098375648