0,046233749	1,871377035	1,42042E-41	1,24465E-17
146,0360462	158,2865231	1,03816E-22	1,82335E-08
2641,924986	870,8031113	4,29245E-14	0,000197548
9133,340516	1959,269655	4,60953E-09	0,036680844
15011,61159	2925,859985	8,85451E-06	0,965378226
16661,15436	3502,20534	0,001693051	8,41264232
14724,65461	3675,468062	0,075176807	36,76141528
11310,13694	3549,049967	1,243441063	101,3347026
7942,051123	3243,348034	10,25021587	202,3099652
5259,147	2854,827239	54,54919564	319,5784046
3350,20314	2448,157898	274,7910252	423,8644562
2080,45499	2061,250949	1300,012127	491,9812137
1270,908614	1713,134082	3955,625482	514,8660349
768,5822762	1410,866762	7035,710915	496,7514639
462,2122522	1154,580109	7884,298237	449,8046687
277,3158598	940,8007274	6314,653085	388,6704506
166,3842723	764,4925922	4268,149341	326,899119
100,0002158	620,2320122	2917,117305	275,1421546
60,2819869	502,8324256	2201,381464	240,2733596
36,48143657	407,6371471	1764,58516	224,9231135
22,1791302	330,6214012	1422,654647	227,4847936
13,55232156	268,3913127	1157,40401	242,8529135
8,325797867	218,1322379	1037,341235	263,9020944
5,143754012	177,5365435	1170,744852	283,3288958
3,196243171	144,7273081	1648,201431	295,2909494
1,997745787	118,1863235	2459,168796	296,3948135
1,256017534	96,69010714	3437,308258	285,8846989
0,794335998	79,2550565	4299,952129	265,1767961
0,505302414	65,09153141	4774,699368	237,0423547
0,323305504	53,56601686	4727,827421	204,7480237
0,208045453	44,17028661	4209,257099	171,3679064
0,134632584	36,49646524	3399,719053	139,3593996
0,087608938	30,21696882	2512,347471	110,3952724
0,057320444	25,06842925	1712,119155	85,38809278
0,037704069	20,83884266	1083,717472	64,62701909
0,024930893	17,35731042	641,2732951	47,9571746
0,016569563	14,48585607	356,8345668	34,95340546
0,011067775	12,11289931	187,7174592	25,06244585
0,007429132	10,14805024	93,81482566	17,7048273
0,005010686	8,517954265	44,74183494	12,33876209
0,0033954	7,162972662	20,44780958	8,493518786
0,002311391	6,03452792	8,990833227	5,781186913
0,001580518	5,092977983	3,818372354	3,894882386
0,001085488	4,305911633	1,572721203	2,599658524
0,000748698	3,646779529	0,631090737	1,720463394
0,000518563	3,093793038	0,248074761	1,129831642
0,000360637	2,629037007	0,096213518	0,736759568
0,000251809	2,237753685	0,037180629	0,477377127
0,000176508	1,907763779	0,014510398	0,307524128
0,000124198	1,62899753	0,005819564	0,19706833
8,77169E-05	1,393114253	0,002445777	0,125688399
6,21777E-05	1,193193064	0,001095068	0,079821384
4,42317E-05	1,023481045	0,000526155	0,050498686
3,15753E-05	0,879187805	0,00027001	0,031838785
2,26174E-05	0,756317574	0,000146047	0,020013203
1,6255E-05	0,651531754	8,1993E-05	0,012546407
1,17206E-05	0,562036178	4,71615E-05	0,007847222
8,47815E-06	0,485488488	2,75389E-05	0,004898367
6,15193E-06	0,419921907	1,62307E-05	0,003052568
4,47768E-06	0,363682384	9,62241E-06	0,001899743
3,26888E-06	0,315376696	5,72739E-06	0,001181066
2,39343E-06	0,273829509	3,41909E-06	0,000733732
1,7575E-06	0,238047802	2,04604E-06	0,000455638
1,29418E-06	0,207191337	1,22702E-06	0,000282918
9,55643E-07	0,180548109	7,3735E-07	0,000175712
7,07578E-07	0,157513911	4,43974E-07	0,000109192
5,25302E-07	0,137575284	2,67854E-07	6,79183E-05
3,90999E-07	0,120295281	1,61919E-07	4,23016E-05
2,91778E-07	0,105301557	9,80759E-08	2,63924E-05
2,18283E-07	0,092276389	5,95248E-08	1,65024E-05
1,63703E-07	0,080948307	3,62001E-08	1,03458E-05
1,23067E-07	0,071085056	2,206E-08	6,5066E-06
9,27384E-08	0,062487679	1,34706E-08	4,10725E-06
7,00465E-08	0,054985527	8,24252E-09	2,60379E-06
5,30282E-08	0,048432052	5,05391E-09	1,65873E-06
4,02348E-08	0,042701248	3,10521E-09	1,0625E-06
3,05953E-08	0,037684643	1,91184E-09	6,84757E-07
2,33157E-08	0,033288748	1,17954E-09	4,44279E-07
1,7806E-08	0,029432898	7,29238E-10	2,90359E-07
1,36267E-08	0,026047406	4,51778E-10	1,91249E-07
1,04498E-08	0,02307201	2,80465E-10	1,2701E-07
8,02981E-09	0,020454535	1,74473E-10	8,50735E-08
6,1825E-09	0,01814976	1,0876E-10	5,74871E-08
4,76948E-09	0,01611845	6,79368E-11	3,91929E-08
3,68648E-09	0,014326528	4,25235E-11	2,69583E-08
2,85479E-09	0,012744366	2,66709E-11	1,87052E-08
2,21484E-09	0,011346176	1,67621E-11	1,30888E-08
1,72149E-09	0,010109494	1,0556E-11	9,23312E-09
1,34044E-09	0,009014726	6,6611E-12	6,56332E-09
1,04559E-09	0,008044773	4,21176E-12	4,6991E-09
8,17018E-10	0,00718469	2,66837E-12	3,38687E-09
6,39509E-10	0,006421408	1,69392E-12	2,45611E-09
5,01412E-10	0,005743489	1,07745E-12	1,7912E-09
3,93791E-10	0,005140906	6,86678E-13	1,31301E-09
3,09776E-10	0,00460487	4,38488E-13	9,66981E-10
2,44079E-10	0,004127665	2,80547E-13	7,15174E-10
1,9262E-10	0,00370251	1,79842E-13	5,30981E-10
1,52249E-10	0,003323446	1,15507E-13	3,9561E-10
1,20525E-10	0,002985226	7,43283E-14	2,95694E-10
9,55561E-11	0,002683231	4,79205E-14	2,21659E-10

