4838,4	829,44	138,24				22,3	499,3	11,1	123,7
4838,4	829,44	92,16				22,3	499,3	5,4	28,8
4838,4	552,96	138,24				5,7	32,6	6,2	38,1
4838,4	552,96	92,16				5,7	32,6	3,0	8,9
3225,6	829,44	138,24				16,9	285,8	8,6	73,7
3225,6	829,44	92,16				16,9	285,8	4,1	17,2
3225,6	552,96	138,24				3,9	15,0	4,7	21,6
3225,6	552,96	92,16				3,9	15,0	2,2	5,0
									
									
									
									
									
									
									
									
									
									
									
									
									
									
									
									
									
									
									
									
									
									
									
									
									
									
									
									
									
									
									
									
									
									
									
									
									
									
									
									
									
									
									
									
									
									
									
									
									
									
									
									
									
									
									
									

