6,187E-14	1,066E-12	1,541E-12	3,715E-13	8,269E-55	1,382E-55	1,424E-31	2,122E-32
2,991E-09	5,186E-08	2,015E-09	6,277E-10	9,341E-35	2,018E-35	3,225E-21	6,209E-22
2,658E-07	4,207E-06	5,498E-08	1,990E-08	1,916E-25	4,809E-26	1,733E-16	3,877E-17
2,835E-06	3,952E-05	3,854E-07	1,552E-07	6,410E-20	1,790E-20	1,003E-13	2,495E-14
1,114E-05	1,346E-04	1,390E-06	5,635E-07	2,973E-16	9,014E-17	6,370E-12	1,722E-12
2,516E-05	2,612E-04	3,418E-06	1,410E-06	1,168E-13	3,789E-14	1,141E-10	3,298E-11
4,049E-05	3,599E-04	6,594E-06	3,050E-06	9,534E-12	3,274E-12	9,164E-10	2,805E-10
5,220E-05	3,966E-04	1,079E-05	5,396E-06	2,672E-10	9,642E-11	4,281E-09	1,377E-09
5,781E-05	3,754E-04	1,570E-05	7,898E-06	3,508E-09	1,322E-09	1,361E-08	4,571E-09
5,748E-05	3,194E-04	2,095E-05	1,035E-05	2,830E-08	1,109E-08	3,259E-08	1,138E-08
5,285E-05	2,516E-04	2,618E-05	1,254E-05	2,078E-07	8,434E-08	6,299E-08	2,279E-08
4,583E-05	1,873E-04	3,109E-05	1,429E-05	1,386E-06	5,811E-07	1,031E-07	3,852E-08
3,805E-05	1,337E-04	3,544E-05	1,558E-05	5,785E-06	2,498E-06	1,480E-07	5,697E-08
3,054E-05	9,250E-05	3,912E-05	1,713E-05	1,379E-05	6,121E-06	1,914E-07	7,570E-08
2,389E-05	6,252E-05	4,204E-05	1,841E-05	2,029E-05	9,240E-06	2,276E-07	9,235E-08
1,832E-05	4,152E-05	4,420E-05	1,935E-05	2,097E-05	9,781E-06	2,537E-07	1,055E-07
1,383E-05	2,721E-05	4,564E-05	1,991E-05	1,801E-05	7,826E-06	2,712E-07	1,153E-07
1,032E-05	1,766E-05	4,640E-05	2,011E-05	1,543E-05	6,722E-06	2,860E-07	1,242E-07
7,631E-06	1,139E-05	4,658E-05	1,997E-05	1,442E-05	6,275E-06	3,093E-07	1,370E-07
5,602E-06	7,305E-06	4,624E-05	1,955E-05	1,415E-05	6,129E-06	3,545E-07	1,600E-07
4,091E-06	4,673E-06	4,548E-05	1,889E-05	1,383E-05	5,940E-06	4,348E-07	1,709E-07
2,976E-06	2,984E-06	4,436E-05	1,805E-05	1,352E-05	5,737E-06	5,578E-07	2,284E-07
2,159E-06	1,904E-06	4,298E-05	1,708E-05	1,445E-05	6,035E-06	7,224E-07	3,063E-07
1,563E-06	1,215E-06	4,138E-05	1,609E-05	1,929E-05	7,911E-06	9,176E-07	4,005E-07
1,131E-06	7,764E-07	3,964E-05	1,509E-05	3,191E-05	1,280E-05	1,124E-06	4,998E-07
8,173E-07	4,968E-07	3,779E-05	1,411E-05	5,559E-05	2,181E-05	1,317E-06	5,875E-07
5,909E-07	3,185E-07	3,589E-05	1,314E-05	9,019E-05	3,530E-05	1,474E-06	6,588E-07
4,274E-07	2,046E-07	3,396E-05	1,219E-05	1,303E-04	5,093E-05	1,579E-06	7,053E-07
3,094E-07	1,318E-07	3,204E-05	1,127E-05	1,661E-04	6,497E-05	1,621E-06	7,228E-07
2,243E-07	8,519E-08	3,014E-05	1,039E-05	1,881E-04	7,357E-05	1,601E-06	7,112E-07
1,628E-07	5,521E-08	2,829E-05	9,548E-06	1,906E-04	7,457E-05	1,525E-06	6,739E-07
1,183E-07	3,590E-08	2,650E-05	8,753E-06	1,745E-04	6,825E-05	1,406E-06	6,170E-07
8,613E-08	2,342E-08	2,478E-05	8,005E-06	1,456E-04	5,690E-05	1,258E-06	5,472E-07
6,282E-08	1,533E-08	2,313E-05	7,306E-06	1,117E-04	4,352E-05	1,095E-06	4,715E-07
4,591E-08	1,007E-08	2,156E-05	6,655E-06	7,926E-05	3,076E-05	9,290E-07	3,956E-07
3,362E-08	6,634E-09	2,007E-05	6,042E-06	5,242E-05	2,025E-05	7,705E-07	3,240E-07
2,467E-08	4,388E-09	1,866E-05	5,453E-06	3,250E-05	1,249E-05	6,258E-07	2,596E-07
1,814E-08	2,913E-09	1,734E-05	4,919E-06	1,900E-05	7,254E-06	4,985E-07	2,032E-07
1,337E-08	1,940E-09	1,610E-05	4,436E-06	1,052E-05	3,989E-06	3,902E-07	1,570E-07
9,876E-09	1,297E-09	1,493E-05	3,999E-06	5,545E-06	2,087E-06	3,006E-07	1,207E-07
7,311E-09	8,700E-10	1,384E-05	3,604E-06	2,794E-06	1,042E-06	2,281E-07	9,151E-08
5,424E-09	5,856E-10	1,283E-05	3,247E-06	1,351E-06	4,995E-07	1,708E-07	6,848E-08
4,034E-09	3,956E-10	1,188E-05	2,925E-06	6,297E-07	2,305E-07	1,263E-07	5,063E-08
3,006E-09	2,681E-10	1,100E-05	2,634E-06	2,840E-07	1,029E-07	9,228E-08	3,701E-08
2,245E-09	1,824E-10	1,018E-05	2,372E-06	1,245E-07	4,461E-08	6,674E-08	2,677E-08
1,681E-09	1,244E-10	9,420E-06	2,136E-06	5,340E-08	1,891E-08	4,780E-08	1,918E-08
1,261E-09	8,521E-11	8,715E-06	1,923E-06	2,255E-08	7,898E-09	3,394E-08	1,361E-08
9,485E-10	5,853E-11	8,061E-06	1,732E-06	9,468E-09	3,283E-09	2,389E-08	9,584E-09
7,148E-10	4,034E-11	7,456E-06	1,559E-06	4,009E-09	1,375E-09	1,670E-08	6,694E-09
5,399E-10	2,789E-11	6,895E-06	1,404E-06	1,741E-09	5,903E-10	1,159E-08	4,642E-09
4,086E-10	1,934E-11	6,376E-06	1,264E-06	7,913E-10	2,653E-10	7,993E-09	3,195E-09
3,100E-10	1,346E-11	5,897E-06	1,135E-06	3,826E-10	1,269E-10	5,481E-09	2,185E-09
2,356E-10	9,390E-12	5,453E-06	1,014E-06	1,982E-10	6,502E-11	3,739E-09	1,486E-09
1,795E-10	6,572E-12	5,043E-06	9,072E-07	1,095E-10	3,555E-11	2,538E-09	1,005E-09
1,370E-10	4,613E-12	4,665E-06	8,116E-07	6,368E-11	2,046E-11	1,715E-09	6,771E-10
1,048E-10	3,248E-12	4,315E-06	7,263E-07	3,839E-11	1,221E-11	1,155E-09	4,540E-10
8,031E-11	2,293E-12	3,992E-06	6,503E-07	2,368E-11	7,453E-12	7,744E-10	3,033E-10
6,168E-11	1,624E-12	3,693E-06	5,824E-07	1,481E-11	4,614E-12	5,178E-10	2,018E-10
4,746E-11	1,153E-12	3,418E-06	5,219E-07	9,338E-12	2,879E-12	3,452E-10	1,339E-10
3,659E-11	8,209E-13	3,163E-06	4,678E-07	5,916E-12	1,805E-12	2,296E-10	8,860E-11
2,826E-11	5,860E-13	2,928E-06	4,195E-07	3,759E-12	1,135E-12	1,524E-10	5,847E-11
2,187E-11	4,195E-13	2,711E-06	3,764E-07	2,393E-12	7,151E-13	1,009E-10	3,851E-11
1,696E-11	3,010E-13	2,510E-06	3,378E-07	1,525E-12	4,510E-13	6,677E-11	2,532E-11
1,317E-11	2,166E-13	2,325E-06	3,029E-07	9,734E-13	2,848E-13	4,412E-11	1,662E-11
1,025E-11	1,562E-13	2,154E-06	2,709E-07	6,219E-13	1,800E-13	2,913E-11	1,090E-11
7,993E-12	1,130E-13	1,996E-06	2,425E-07	3,977E-13	1,139E-13	1,923E-11	7,143E-12
6,243E-12	8,189E-14	1,850E-06	2,172E-07	2,546E-13	7,211E-14	1,269E-11	4,680E-12
4,884E-12	5,951E-14	1,715E-06	1,947E-07	1,632E-13	4,571E-14	8,381E-12	3,067E-12
3,827E-12	4,334E-14	1,591E-06	1,746E-07	1,047E-13	2,900E-14	5,540E-12	2,012E-12
3,005E-12	3,164E-14	1,475E-06	1,566E-07	6,728E-14	1,842E-14	3,666E-12	1,322E-12
2,363E-12	2,315E-14	1,369E-06	1,406E-07	4,327E-14	1,171E-14	2,431E-12	8,703E-13
1,861E-12	1,698E-14	1,270E-06	1,263E-07	2,787E-14	7,448E-15	1,616E-12	5,745E-13
1,468E-12	1,248E-14	1,179E-06	1,135E-07	1,797E-14	4,733E-15	1,077E-12	3,802E-13
1,160E-12	9,191E-15	1,095E-06	1,021E-07	1,160E-14	3,012E-15	7,205E-13	2,524E-13
9,180E-13	6,784E-15	1,017E-06	9,188E-08	7,502E-15	1,919E-15	4,840E-13	1,682E-13
7,277E-13	5,019E-15	9,448E-07	8,273E-08	4,857E-15	1,224E-15	3,266E-13	1,127E-13
5,777E-13	3,720E-15	8,780E-07	7,453E-08	3,149E-15	7,819E-16	2,217E-13	7,593E-14
4,593E-13	2,763E-15	8,161E-07	6,718E-08	2,044E-15	5,001E-16	1,513E-13	5,147E-14
3,657E-13	2,057E-15	7,588E-07	6,059E-08	1,329E-15	3,203E-16	1,040E-13	3,512E-14
2,916E-13	1,534E-15	7,058E-07	5,467E-08	8,653E-16	2,055E-16	7,200E-14	2,414E-14
2,329E-13	1,146E-15	6,566E-07	4,914E-08	5,642E-16	1,321E-16	5,022E-14	1,672E-14
1,863E-13	8,579E-16	6,110E-07	4,398E-08	3,684E-16	8,500E-17	3,531E-14	1,168E-14
1,492E-13	6,435E-16	5,687E-07	3,938E-08	2,409E-16	5,480E-17	2,503E-14	8,220E-15
1,196E-13	4,836E-16	5,296E-07	3,528E-08	1,578E-16	3,538E-17	1,789E-14	5,835E-15
9,607E-14	3,641E-16	4,932E-07	3,163E-08	1,035E-16	2,288E-17	1,290E-14	4,177E-15
7,726E-14	2,746E-16	4,595E-07	2,837E-08	6,798E-17	1,482E-17	9,371E-15	3,015E-15
6,221E-14	2,075E-16	4,282E-07	2,547E-08	4,472E-17	9,614E-18	6,863E-15	2,193E-15
5,016E-14	1,570E-16	3,991E-07	2,287E-08	2,946E-17	6,247E-18	5,065E-15	1,607E-15
4,050E-14	1,191E-16	3,722E-07	2,055E-08	1,944E-17	4,066E-18	3,765E-15	1,186E-15
3,274E-14	9,042E-17	3,471E-07	1,848E-08	1,285E-17	2,650E-18	2,817E-15	8,816E-16
2,650E-14	6,879E-17	3,238E-07	1,662E-08	8,502E-18	1,730E-18	2,121E-15	6,592E-16
2,148E-14	5,242E-17	3,022E-07	1,496E-08	5,635E-18	1,131E-18	1,606E-15	4,957E-16
1,743E-14	4,001E-17	2,821E-07	1,347E-08	3,741E-18	7,409E-19	1,222E-15	3,746E-16
1,416E-14	3,059E-17	2,634E-07	1,214E-08	2,487E-18	4,860E-19	9,347E-16	2,844E-16
1,152E-14	2,342E-17	2,460E-07	1,094E-08	1,656E-18	3,193E-19	7,177E-16	2,169E-16
9,379E-15	1,796E-17	2,298E-07	9,872E-09	1,104E-18	2,101E-19	5,532E-16	1,660E-16
7,647E-15	1,380E-17	2,147E-07	8,910E-09	7,374E-19	1,384E-19	4,279E-16	1,275E-16
6,243E-15	1,061E-17	2,007E-07	8,045E-09	4,932E-19	9,136E-20	3,320E-16	9,819E-17
5,101E-15	8,177E-18	1,877E-07	7,269E-09	3,303E-19	6,038E-20	2,583E-16	7,584E-17
4,174E-15	6,309E-18	1,755E-07	6,571E-09	2,216E-19	3,994E-20	2,015E-16	5,872E-17

