2,1298	0,5244	0,0000	0,0000	0,006607422
4,2596	1,0489	0,0000	0,0000	0,01092363
6,3894	1,5733	0,0000	0,0000	0,014862122
8,5192	2,0977	0,0000	0,0000	0,018604434
10,6490	2,6222	0,0000	0,0000	0,022220749
12,7787	3,1466	0,0000	0,0000	0,025746972
14,9085	3,6711	0,0000	0,0000	0,029204362
17,0383	4,1955	0,0000	0,0000	0,032606722
19,1681	4,7199	0,0000	0,0000	0,035963599
21,2979	5,2444	0,0000	0,0000	0,039281914
23,4277	5,7688	0,0000	0,0000	0,042566871
25,5575	6,2932	0,0001	0,0000	0,04582249
27,6873	6,8177	0,0001	0,0000	0,049051957
29,8171	7,3421	0,0001	0,0000	0,052257841
31,9469	7,8666	0,0001	0,0000	0,055442251
34,0767	8,3910	0,0001	0,0000	0,058606944
36,2064	8,9154	0,0001	0,0000	0,061753396
38,3362	9,4399	0,0001	0,0000	0,06488287
40,4660	9,9643	0,0001	0,0000	0,067996447
42,5958	10,4887	0,0001	0,0000	0,07109507
50,8084	11,0132	0,0001	0,0000	0,07417956
53,9540	11,5376	0,0001	0,0000	0,077250642
57,0393	12,0620	0,0001	0,0000	0,080308958
60,0585	12,5865	0,0001	0,0000	0,08335508
62,8917	13,1109	0,0001	-0,0001	0,086389524
65,3316	13,6354	0,0001	-0,0001	0,089412752
67,7060	14,1598	0,0001	-0,0001	0,092425184
70,0158	14,6842	0,0001	-0,0001	0,095427201
72,2622	15,2087	0,0001	-0,0001	0,098419153
74,4467	15,7331	0,0001	-0,0001	0,10140136
76,5713	16,2575	0,0001	-0,0001	0,104374117
78,6377	16,7820	0,0001	-0,0001	0,107337695
80,6479	17,3064	0,0001	-0,0001	0,110292348
82,6037	17,8308	0,0002	-0,0001	0,113238309
84,5072	18,3553	0,0002	-0,0001	0,116175799
86,3603	18,8797	0,0002	-0,0001	0,119105021
88,1647	19,4042	0,0002	-0,0001	0,122026167
89,9258	19,9286	0,0002	-0,0001	0,124939418
92,0657	20,4530	0,0002	-0,0001	0,127844944
94,9602	20,9775	0,0002	-0,0001	0,130742904
97,8646	21,5019	0,0002	-0,0001	0,133633452
100,7727	22,0263	0,0002	-0,0001	0,13651673
103,6793	22,5508	0,0002	-0,0001	0,139392875
106,5800	23,0752	0,0002	-0,0001	0,142262017
109,4711	23,5997	0,0002	-0,0001	0,145124281
112,3492	24,1241	0,0002	-0,0001	0,147979784
115,2117	24,6485	0,0002	-0,0001	0,15082864
118,0562	25,1730	0,0002	-0,0001	0,153670957
120,8807	25,6974	0,0002	-0,0001	0,156506838
123,6835	26,2218	0,0002	-0,0001	0,159336385
126,4635	26,7463	0,0002	-0,0001	0,162159691
129,2193	27,2707	0,0002	-0,0001	0,164976851
131,9499	27,7951	0,0002	-0,0001	0,167787952
134,6545	28,3196	0,0002	-0,0001	0,17059308
137,3325	28,8440	0,0002	-0,0001	0,173392319
139,9833	29,3685	0,0002	-0,0001	0,176185748
142,6067	29,8929	0,0003	-0,0001	0,178973445
145,2023	30,4173	0,0003	-0,0001	0,181755485
147,7700	30,9418	0,0003	-0,0001	0,18453194
150,3096	31,4662	0,0003	-0,0001	0,187302882
152,8212	31,9906	0,0003	-0,0001	0,190068378
155,3048	32,5151	0,0003	-0,0001	0,192828495
157,7604	33,0395	0,0003	-0,0001	0,195583298
160,1881	33,5640	0,0003	-0,0001	0,19833285
162,5882	34,0884	0,0003	-0,0001	0,201077212
164,9609	34,6128	0,0003	-0,0001	0,203816443
167,3062	35,1373	0,0003	-0,0001	0,206550601
169,6246	35,6617	0,0003	-0,0001	0,209279744
172,1125	36,1861	0,0003	-0,0001	0,212003927
175,0441	36,7106	0,0003	-0,0001	0,214723203
177,9844	37,2350	0,0003	-0,0001	0,217437625
180,9312	37,7594	0,0003	-0,0001	0,220147245
183,8837	38,2839	0,0003	-0,0001	0,222852113
186,8404	38,8083	0,0003	-0,0001	0,225552278
189,7977	39,3328	0,0003	-0,0001	0,228247789
192,7540	39,8572	0,0003	-0,0001	0,230938692
195,7078	40,3816	0,0003	-0,0001	0,233625033
198,6578	40,9061	0,0003	-0,0001	0,236306859
201,6029	41,4305	0,0003	-0,0001	0,238984212
204,5418	41,9549	0,0004	-0,0001	0,241657137
207,4736	42,4794	0,0004	-0,0001	0,244325675
210,3973	43,0038	0,0004	-0,0001	0,24698987
213,3121	43,5282	0,0004	-0,0001	0,24964976
216,2173	44,0527	0,0004	-0,0001	0,252305387
219,1120	44,5771	0,0004	-0,0001	0,254956791
221,9956	45,1016	0,0004	-0,0001	0,257604008
224,8676	45,6260	0,0004	-0,0001	0,260247079
227,7275	46,1504	0,0004	-0,0001	0,262886039
230,5747	46,6749	0,0004	-0,0001	0,265520926
233,4088	47,1993	0,0004	-0,0002	0,268151776
236,2294	47,7237	0,0004	-0,0002	0,270778623
239,0362	48,2482	0,0004	-0,0002	0,273401503
241,8289	48,7726	0,0004	-0,0002	0,276020451
244,6071	49,2971	0,0004	-0,0002	0,278635498
247,3706	49,8215	0,0004	-0,0002	0,28124668
250,1192	50,3459	0,0004	-0,0002	0,283854027
252,8527	50,8704	0,0004	-0,0002	0,286457573
255,5710	51,3948	0,0004	-0,0002	0,289057348
258,2738	51,9192	0,0004	-0,0002	0,291653385
260,9610	52,4437	0,0004	-0,0002	0,294245713

